0 0.39791666666666664 0.13472222222222222 0.014583333333333334 0.0638888888888889
0 0.4734375 0.4222222222222222 0.015625 0.06481481481481481
0 0.4276041666666667 0.3300925925925926 0.015625 0.05648148148148149
0 0.36223958333333334 0.35555555555555557 0.0234375 0.06296296296296297
0 0.40651041666666665 0.48055555555555557 0.01614583333333333 0.05925925925925926
0 0.4302083333333333 0.587962962962963 0.015625 0.06481481481481481
0 0.47994791666666664 0.700462962962963 0.0171875 0.05648148148148149
0 0.41171874999999997 0.7351851851851852 0.0171875 0.06666666666666667
0 0.259375 0.49768518518518523 0.034375 0.03796296296296296
0 0.22239583333333332 0.6217592592592592 0.0375 0.036111111111111115
0 0.22291666666666665 0.6699074074074074 0.0375 0.032407407407407406
0 0.40963541666666664 0.9662037037037038 0.0171875 0.062037037037037036
0 0.69921875 0.5 0.0390625 0.031481481481481485
0 0.7611979166666667 0.5055555555555555 0.03697916666666667 0.03333333333333333
0 0.8140625 0.5189814814814815 0.034375 0.032407407407407406
0 0.7565104166666666 0.5527777777777778 0.0390625 0.031481481481481485
0 0.7065104166666667 0.5449074074074074 0.034895833333333334 0.030555555555555558
0 0.77109375 0.6152777777777778 0.0328125 0.030555555555555558
0 0.8994791666666666 0.538425925925926 0.041666666666666664 0.032407407407407406
0 0.8541666666666666 0.48379629629629634 0.0375 0.032407407407407406
0 0.9005208333333333 0.4912037037037037 0.035416666666666666 0.028703703703703703
0 0.9567708333333333 0.5111111111111112 0.036458333333333336 0.03518518518518519
0 0.9690104166666667 0.5532407407407408 0.044270833333333336 0.03796296296296296
