0 0.021354166666666667 0.7319444444444445 0.041666666666666664 0.04537037037037037
0 0.03854166666666667 0.7726851851851853 0.03854166666666667 0.04166666666666667
0 0.13567708333333334 0.6805555555555556 0.03802083333333333 0.03333333333333333
0 0.19270833333333334 0.6550925925925927 0.03854166666666667 0.03981481481481482
0 0.23828125 0.6282407407407408 0.0390625 0.03796296296296296
0 0.221875 0.6972222222222223 0.040625 0.040740740740740744
0 0.26145833333333335 0.5050925925925926 0.035416666666666666 0.04166666666666667
0 0.3971354166666667 0.3712962962962963 0.01614583333333333 0.06296296296296297
0 0.421875 0.26203703703703707 0.015625 0.06666666666666667
0 0.4744791666666667 0.06342592592592593 0.017708333333333333 0.06759259259259259
0 0.51953125 0.3087962962962963 0.0265625 0.0638888888888889
0 0.4765625 0.39861111111111114 0.015625 0.0638888888888889
0 0.5994791666666667 0.4101851851851852 0.034375 0.03518518518518519
0 0.6765625 0.4342592592592593 0.0375 0.02962962962962963
0 0.7411458333333333 0.45416666666666666 0.03958333333333333 0.030555555555555558
0 0.7065104166666667 0.4935185185185185 0.03697916666666667 0.02962962962962963
0 0.7643229166666666 0.5018518518518519 0.03697916666666667 0.02777777777777778
0 0.7559895833333333 0.5453703703703704 0.04010416666666666 0.02777777777777778
0 0.6979166666666666 0.538425925925926 0.035416666666666666 0.028703703703703703
0 0.81875 0.5578703703703703 0.040625 0.026851851851851852
0 0.8302083333333333 0.5097222222222222 0.03958333333333333 0.028703703703703703
0 0.8778645833333333 0.5180555555555556 0.04114583333333333 0.030555555555555558
0 0.6666666666666666 0.6097222222222223 0.0375 0.028703703703703703
0 0.5731770833333333 0.6078703703703704 0.04010416666666666 0.04722222222222222
0 0.4817708333333333 0.6050925925925926 0.017708333333333333 0.06574074074074074
0 0.43385416666666665 0.6625 0.01875 0.07685185185185185
0 0.41041666666666665 0.8212962962962963 0.01875 0.06666666666666667
0 0.44166666666666665 0.8925925925925926 0.017708333333333333 0.06851851851851852
0 0.4861979166666667 0.8101851851851852 0.018229166666666668 0.06666666666666667
0 0.46796875 0.9560185185185186 0.0203125 0.07685185185185185
