0 0.18151041666666667 0.5208333333333334 0.0390625 0.03981481481481482
0 0.07838541666666667 0.7273148148148149 0.0421875 0.03981481481481482
0 0.13723958333333333 0.6967592592592593 0.0359375 0.036111111111111115
0 0.184375 0.6777777777777778 0.040625 0.03888888888888889
0 0.13489583333333333 0.6444444444444445 0.03958333333333333 0.040740740740740744
0 0.2596354166666667 0.5800925925925926 0.04010416666666666 0.03981481481481482
0 0.38307291666666665 0.5268518518518519 0.0359375 0.03888888888888889
0 0.4127604166666667 0.46296296296296297 0.0421875 0.03888888888888889
0 0.4908854166666667 0.549537037037037 0.0359375 0.036111111111111115
0 0.33958333333333335 0.6564814814814816 0.040625 0.04259259259259259
0 0.48723958333333334 0.8810185185185185 0.0171875 0.06944444444444445
0 0.5158854166666667 0.9050925925925927 0.018229166666666668 0.06759259259259259
0 0.5458333333333333 0.4842592592592593 0.040625 0.02592592592592593
0 0.6138020833333333 0.5236111111111111 0.03802083333333333 0.028703703703703703
0 0.5934895833333333 0.6041666666666667 0.0359375 0.030555555555555558
0 0.7184895833333333 0.48379629629629634 0.0390625 0.026851851851851852
0 0.89921875 0.5097222222222222 0.0421875 0.030555555555555558
0 0.79296875 0.5875 0.0359375 0.030555555555555558
0 0.38567708333333334 0.1375 0.0171875 0.062037037037037036
0 0.40911458333333334 0.13148148148148148 0.01614583333333333 0.06851851851851852
0 0.9799479166666667 0.6337962962962963 0.034895833333333334 0.03425925925925926
0 0.9111979166666666 0.5921296296296297 0.04114583333333333 0.03425925925925926
