0 0.40520833333333334 0.325 0.016666666666666666 0.06296296296296297
0 0.42864583333333334 0.28703703703703703 0.016666666666666666 0.06481481481481481
0 0.46822916666666664 0.2555555555555556 0.016666666666666666 0.06666666666666667
0 0.4283854166666667 0.46342592592592596 0.015104166666666667 0.06759259259259259
0 0.4674479166666667 0.5092592592592593 0.0171875 0.06666666666666667
0 0.4296875 0.6300925925925926 0.015625 0.06574074074074074
0 0.49505208333333334 0.6226851851851852 0.0171875 0.06018518518518519
0 0.40703125 0.5805555555555556 0.0171875 0.07037037037037037
0 0.22135416666666666 0.6208333333333333 0.03854166666666667 0.03796296296296296
0 0.22317708333333333 0.6680555555555556 0.03802083333333333 0.036111111111111115
0 0.34401041666666665 0.7060185185185186 0.0359375 0.03981481481481482
0 0.47604166666666664 0.7513888888888889 0.01875 0.06944444444444445
0 0.42526041666666664 0.8277777777777778 0.0171875 0.06666666666666667
0 0.5065104166666666 0.9671296296296297 0.01614583333333333 0.058333333333333334
0 0.3802083333333333 0.11111111111111112 0.016666666666666666 0.06481481481481481
0 0.6986979166666667 0.4967592592592593 0.0390625 0.032407407407407406
0 0.7059895833333333 0.5430555555555556 0.034895833333333334 0.028703703703703703
0 0.7549479166666666 0.5504629629629629 0.0390625 0.030555555555555558
0 0.7614583333333333 0.5041666666666667 0.0375 0.030555555555555558
0 0.8278645833333333 0.5212962962962964 0.03177083333333333 0.031481481481481485
0 0.85390625 0.4810185185185185 0.0390625 0.036111111111111115
0 0.8997395833333334 0.48842592592592593 0.034895833333333334 0.028703703703703703
0 0.9411458333333333 0.5444444444444445 0.040625 0.03518518518518519
