0 0.084375 0.725 0.0375 0.03333333333333333
0 0.16692708333333334 0.6407407407407407 0.03802083333333333 0.037037037037037035
0 0.22057291666666667 0.6143518518518519 0.03697916666666667 0.03425925925925926
0 0.13854166666666667 0.5486111111111112 0.03958333333333333 0.04351851851851852
0 0.42161458333333335 0.4967592592592593 0.015104166666666667 0.062037037037037036
0 0.49557291666666664 0.5680555555555555 0.0171875 0.06018518518518519
0 0.46067708333333335 0.26990740740740743 0.015104166666666667 0.06574074074074074
0 0.40260416666666665 0.28703703703703703 0.017708333333333333 0.06666666666666667
0 0.5067708333333333 0.775 0.0125 0.06851851851851852
0 0.7013020833333333 0.4810185185185185 0.03697916666666667 0.032407407407407406
0 0.7625 0.4902777777777778 0.040625 0.030555555555555558
0 0.8265625 0.5083333333333333 0.0375 0.02777777777777778
0 0.8955729166666666 0.5273148148148148 0.04010416666666666 0.032407407407407406
