0 0.7825520833333334 0.6310185185185185 0.03802083333333333 0.030555555555555558
0 0.7229166666666667 0.5300925925925926 0.03854166666666667 0.036111111111111115
0 0.7010416666666667 0.47731481481481486 0.0375 0.028703703703703703
0 0.7622395833333333 0.48750000000000004 0.04114583333333333 0.032407407407407406
0 0.8138020833333334 0.5023148148148149 0.0390625 0.030555555555555558
0 0.8976562499999999 0.5208333333333334 0.0390625 0.032407407407407406
0 0.9411458333333333 0.4800925925925926 0.0375 0.032407407407407406
0 0.16666666666666666 0.6402777777777778 0.0375 0.036111111111111115
0 0.22057291666666667 0.6134259259259259 0.0359375 0.03425925925925926
0 0.08411458333333333 0.7282407407407407 0.0390625 0.03425925925925926
0 0.02734375 0.7597222222222223 0.0390625 0.04166666666666667
0 0.36744791666666665 0.11111111111111112 0.015104166666666667 0.06481481481481481
0 0.3953125 0.10370370370370371 0.015625 0.07037037037037037
0 0.4171875 0.07962962962962963 0.015625 0.06481481481481481
