0 0.07942708333333333 0.6509259259259259 0.03802083333333333 0.04259259259259259
0 0.36276041666666664 0.30833333333333335 0.01614583333333333 0.061111111111111116
0 0.3958333333333333 0.3416666666666667 0.017708333333333333 0.06481481481481481
0 0.41041666666666665 0.03333333333333333 0.015625 0.06666666666666667
0 0.45234375 0.08750000000000001 0.0171875 0.0638888888888889
0 0.4739583333333333 0.2263888888888889 0.015625 0.0638888888888889
0 0.5106770833333333 0.21296296296296297 0.018229166666666668 0.07037037037037037
0 0.42421875 0.43333333333333335 0.0171875 0.06851851851851852
0 0.40546875 0.5425925925925926 0.0171875 0.06296296296296297
0 0.47369791666666666 0.49259259259259264 0.0171875 0.06296296296296297
0 0.4122395833333333 0.7032407407407407 0.0171875 0.06574074074074074
0 0.4315104166666667 0.6601851851851852 0.01614583333333333 0.06481481481481481
0 0.4869791666666667 0.7800925925925927 0.019791666666666666 0.075
0 0.10364583333333333 0.7680555555555556 0.03854166666666667 0.03981481481481482
0 0.15364583333333334 0.7439814814814815 0.035416666666666666 0.03796296296296296
0 0.21458333333333332 0.7171296296296297 0.04375 0.03981481481481482
0 0.14270833333333333 0.6953703703703704 0.036458333333333336 0.03888888888888889
0 0.47604166666666664 0.9425925925925926 0.021875 0.07222222222222223
0 0.7041666666666666 0.5337962962962963 0.0375 0.032407407407407406
