0 0.4471354166666667 0.05694444444444444 0.0171875 0.06944444444444445
0 0.4122395833333333 0.11990740740740741 0.0171875 0.0638888888888889
0 0.4236979166666667 0.4388888888888889 0.01614583333333333 0.06481481481481481
0 0.3645833333333333 0.3143518518518519 0.016666666666666666 0.06759259259259259
0 0.13802083333333334 0.6916666666666667 0.03854166666666667 0.037037037037037035
0 0.028385416666666666 0.8041666666666667 0.034895833333333334 0.04166666666666667
0 0.11588541666666667 0.7569444444444444 0.0359375 0.036111111111111115
0 0.21510416666666665 0.7111111111111111 0.03958333333333333 0.03518518518518519
0 0.43723958333333335 0.8518518518518519 0.022395833333333334 0.07962962962962963
0 0.48541666666666666 0.7726851851851853 0.019791666666666666 0.06944444444444445
0 0.5184895833333333 0.8930555555555556 0.018229166666666668 0.075
0 0.47421874999999997 0.9425925925925926 0.0203125 0.07037037037037037
0 0.7033854166666667 0.5324074074074074 0.0359375 0.03333333333333333
0 0.8434895833333333 0.6407407407407407 0.03802083333333333 0.03518518518518519
