0 0.06822916666666666 0.4814814814814815 0.035416666666666666 0.024074074074074074
0 0.17005208333333333 0.47962962962962963 0.0296875 0.024074074074074074
0 0.21536458333333333 0.48750000000000004 0.0328125 0.026851851851851852
0 0.13359375 0.3509259259259259 0.0296875 0.022222222222222223
0 0.30859375 0.32962962962962966 0.0296875 0.024074074074074074
0 0.48854166666666665 0.2796296296296296 0.026041666666666668 0.024074074074074074
0 0.7494791666666667 0.26296296296296295 0.028125 0.022222222222222223
0 0.7026041666666667 0.29074074074074074 0.03125 0.02592592592592593
0 0.6619791666666667 0.29074074074074074 0.028125 0.024074074074074074
0 0.60859375 0.2916666666666667 0.0265625 0.024074074074074074
0 0.5682291666666667 0.2916666666666667 0.029166666666666667 0.020370370370370372
0 0.5677083333333334 0.3162037037037037 0.03125 0.02314814814814815
0 0.65625 0.47222222222222227 0.03125 0.024074074074074074
0 0.74296875 0.4291666666666667 0.0296875 0.02314814814814815
0 0.9 0.41712962962962963 0.03125 0.025
0 0.8518229166666667 0.425462962962963 0.028645833333333332 0.02314814814814815
0 0.31354166666666666 0.475462962962963 0.028125 0.02314814814814815
0 0.36640625 0.47500000000000003 0.0328125 0.022222222222222223
0 0.4 0.5226851851851853 0.03125 0.03425925925925926
0 0.44765625 0.6226851851851852 0.0203125 0.05277777777777778
0 0.5049479166666666 0.5546296296296297 0.015104166666666667 0.05
0 0.45807291666666666 0.7912037037037037 0.01614583333333333 0.062037037037037036
