0 0.10286458333333333 0.7453703703703703 0.043229166666666666 0.03888888888888889
0 0.14479166666666665 0.6726851851851852 0.04583333333333333 0.04351851851851852
0 0.5908854166666666 0.5175925925925926 0.04010416666666666 0.03333333333333333
0 0.48802083333333335 0.5476851851851852 0.0375 0.032407407407407406
0 0.7872395833333333 0.3763888888888889 0.043229166666666666 0.03425925925925926
0 0.7888020833333333 0.42962962962962964 0.04739583333333333 0.040740740740740744
0 0.7802083333333333 0.48703703703703705 0.040625 0.03333333333333333
0 0.8307291666666666 0.4935185185185185 0.040625 0.03333333333333333
0 0.8442708333333333 0.4518518518518519 0.042708333333333334 0.037037037037037035
0 0.8846354166666667 0.4078703703703704 0.050520833333333334 0.03981481481481482
0 0.89921875 0.4564814814814815 0.0421875 0.03518518518518519
0 0.8322916666666667 0.3893518518518519 0.0375 0.036111111111111115
0 0.9411458333333333 0.41712962962962963 0.042708333333333334 0.03796296296296296
0 0.959375 0.475462962962963 0.046875 0.03981481481481482
0 0.5263020833333333 0.9319444444444445 0.018229166666666668 0.075
