0 0.04114583333333333 0.30694444444444446 0.036458333333333336 0.026851851851851852
0 0.13697916666666665 0.4708333333333333 0.034375 0.025
0 0.175 0.49953703703703706 0.034375 0.026851851851851852
0 0.275 0.46990740740740744 0.03125 0.025
0 0.31666666666666665 0.5 0.034375 0.02777777777777778
0 0.35911458333333335 0.4671296296296297 0.03177083333333333 0.025
0 0.39479166666666665 0.5143518518518518 0.034375 0.03425925925925926
0 0.4440104166666667 0.600462962962963 0.0203125 0.04537037037037037
0 0.44088541666666664 0.7532407407407408 0.015104166666666667 0.062037037037037036
0 0.48828125 0.6652777777777779 0.0140625 0.05092592592592593
0 0.4901041666666667 0.7592592592592593 0.014583333333333334 0.05740740740740741
0 0.49453125 0.8416666666666667 0.0140625 0.06481481481481481
0 0.4979166666666667 0.9388888888888889 0.01875 0.08333333333333334
0 0.5466145833333333 0.5097222222222222 0.027604166666666666 0.04722222222222222
0 0.5260416666666666 0.43842592592592594 0.03125 0.026851851851851852
0 0.49192708333333335 0.33240740740740743 0.0265625 0.03888888888888889
0 0.8674479166666667 0.4185185185185185 0.027604166666666666 0.02777777777777778
0 0.825 0.4175925925925926 0.03125 0.022222222222222223
0 0.8114583333333333 0.4537037037037037 0.03125 0.024074074074074074
0 0.6973958333333333 0.45787037037037037 0.035416666666666666 0.025
0 0.72109375 0.4277777777777778 0.0265625 0.022222222222222223
0 0.8127604166666667 0.3050925925925926 0.0296875 0.021296296296296296
