0 0.07682291666666667 0.32731481481481484 0.0328125 0.025
0 0.12916666666666665 0.30648148148148147 0.03125 0.022222222222222223
0 0.29322916666666665 0.3050925925925926 0.028125 0.02314814814814815
0 0.38229166666666664 0.3337962962962963 0.02395833333333333 0.025
0 0.4510416666666667 0.3805555555555556 0.021875 0.037037037037037035
0 0.42473958333333334 0.5486111111111112 0.0140625 0.05277777777777778
0 0.3828125 0.5157407407407407 0.03125 0.02962962962962963
0 0.36744791666666665 0.47500000000000003 0.03177083333333333 0.02777777777777778
0 0.32395833333333335 0.47361111111111115 0.03229166666666666 0.021296296296296296
0 0.27369791666666665 0.4759259259259259 0.03177083333333333 0.02592592592592593
0 0.22838541666666667 0.47870370370370374 0.033854166666666664 0.02592592592592593
0 0.18645833333333334 0.47962962962962963 0.03229166666666666 0.02592592592592593
0 0.20442708333333334 0.5171296296296296 0.033854166666666664 0.026851851851851852
0 0.25729166666666664 0.5166666666666667 0.034375 0.02592592592592593
0 0.3028645833333333 0.5069444444444444 0.03177083333333333 0.025
0 0.34713541666666664 0.5069444444444444 0.030729166666666665 0.025
0 0.8421875 0.29305555555555557 0.03125 0.02314814814814815
0 0.8416666666666667 0.4939814814814815 0.028125 0.026851851851851852
0 0.4888020833333333 0.7870370370370371 0.015104166666666667 0.06296296296296297
0 0.48932291666666666 0.6962962962962963 0.015104166666666667 0.05740740740740741
