0 0.24479166666666666 0.4671296296296297 0.04791666666666666 0.036111111111111115
0 0.2716145833333333 0.5916666666666667 0.044270833333333336 0.031481481481481485
0 0.2755208333333333 0.638888888888889 0.042708333333333334 0.03518518518518519
0 0.3528645833333333 0.4314814814814815 0.04635416666666667 0.044444444444444446
0 0.50078125 0.5277777777777778 0.0203125 0.07222222222222223
0 0.4015625 0.7083333333333334 0.04375 0.0462962962962963
0 0.5145833333333333 0.7425925925925926 0.02395833333333333 0.07777777777777778
0 0.7510416666666666 0.46805555555555556 0.046875 0.036111111111111115
0 0.7536458333333333 0.5171296296296296 0.046875 0.036111111111111115
0 0.8096354166666666 0.5050925925925926 0.043229166666666666 0.030555555555555558
0 0.8122395833333333 0.46574074074074073 0.043229166666666666 0.03333333333333333
0 0.8763020833333334 0.4666666666666667 0.04739583333333333 0.03518518518518519
0 0.8651041666666667 0.5092592592592593 0.042708333333333334 0.03518518518518519
0 0.9182291666666667 0.5069444444444444 0.041666666666666664 0.030555555555555558
0 0.91875 0.5546296296296297 0.04375 0.031481481481481485
0 0.95390625 0.46574074074074073 0.0453125 0.037037037037037035
0 0.96875 0.5111111111111112 0.046875 0.03888888888888889
