0 0.01796875 0.5037037037037038 0.0359375 0.024074074074074074
0 0.13619791666666667 0.4939814814814815 0.0359375 0.026851851851851852
0 0.3377604166666667 0.5203703703703704 0.0328125 0.02592592592592593
0 0.35104166666666664 0.4851851851851852 0.03125 0.02592592592592593
0 0.43645833333333334 0.4800925925925926 0.03125 0.025
0 0.5557291666666666 0.47453703703703703 0.03125 0.026851851851851852
0 0.5260416666666666 0.5370370370370371 0.02395833333333333 0.044444444444444446
0 0.42526041666666664 0.5916666666666667 0.0234375 0.05
0 0.4536458333333333 0.7337962962962963 0.016666666666666666 0.0638888888888889
0 0.4822916666666667 0.7282407407407407 0.016666666666666666 0.06018518518518519
0 0.48593749999999997 0.8185185185185185 0.015625 0.05925925925925926
0 0.49166666666666664 0.9564814814814815 0.015625 0.06296296296296297
0 0.9026041666666667 0.4185185185185185 0.029166666666666667 0.02592592592592593
0 0.8427083333333333 0.42592592592592593 0.030208333333333334 0.022222222222222223
0 0.7471354166666666 0.42962962962962964 0.03177083333333333 0.022222222222222223
0 0.68203125 0.4342592592592593 0.0359375 0.02962962962962963
