0 0.22275 0.6024444444444444 0.045 0.03688888888888889
0 0.293 0.6022222222222222 0.047 0.04
0 0.28025 0.6524444444444445 0.044 0.04088888888888889
0 0.21275 0.6471111111111112 0.0415 0.034666666666666665
0 0.7015 0.6484444444444445 0.0445 0.052444444444444446
0 0.47175 0.35355555555555557 0.022 0.08222222222222222
0 0.498125 0.44133333333333336 0.02025 0.06844444444444445
0 0.5357500000000001 0.5051111111111112 0.0205 0.07244444444444445
0 0.5221250000000001 0.7162222222222222 0.01975 0.06622222222222222
0 0.629375 0.43733333333333335 0.04675 0.05066666666666667
0 0.623625 0.8662222222222222 0.02475 0.07377777777777778
0 0.5425 0.9642222222222223 0.0225 0.06977777777777779
0 0.8542500000000001 0.5831111111111111 0.041 0.034666666666666665
0 0.766375 0.5424444444444445 0.04025 0.029777777777777778
0 0.756875 0.49533333333333335 0.04275 0.035111111111111114
0 0.808 0.49044444444444446 0.0385 0.03155555555555556
0 0.883625 0.48511111111111116 0.043750000000000004 0.035111111111111114
0 0.945125 0.47955555555555557 0.04625 0.034666666666666665
0 0.9265 0.5273333333333333 0.0445 0.03333333333333333
