0 0.05807291666666667 0.49212962962962964 0.0484375 0.036111111111111115
0 0.26640625 0.5111111111111112 0.0453125 0.031481481481481485
0 0.63984375 0.4375 0.0359375 0.04166666666666667
0 0.6986979166666667 0.6546296296296297 0.04010416666666666 0.044444444444444446
0 0.7557291666666667 0.5046296296296297 0.040625 0.03333333333333333
0 0.8432291666666667 0.500925925925926 0.03958333333333333 0.031481481481481485
0 0.9588541666666667 0.4935185185185185 0.042708333333333334 0.031481481481481485
0 0.5859375 0.7986111111111112 0.021875 0.0787037037037037
0 0.4901041666666667 0.8550925925925926 0.03125 0.075
0 0.5598958333333334 0.9101851851851852 0.025 0.08148148148148149
0 0.6229166666666667 0.8638888888888889 0.021875 0.07962962962962963
0 0.5153645833333333 0.05416666666666667 0.021354166666666667 0.08240740740740742
