0 0.20885416666666667 0.5745370370370371 0.041666666666666664 0.03425925925925926
0 0.26536458333333335 0.5796296296296296 0.0421875 0.03333333333333333
0 0.2622395833333333 0.6342592592592593 0.043229166666666666 0.037037037037037035
0 0.5026041666666666 0.4217592592592593 0.01875 0.075
0 0.5065104166666666 0.6787037037037037 0.0265625 0.08148148148148149
0 0.5302083333333333 0.3037037037037037 0.019791666666666666 0.07777777777777778
0 0.628125 0.4152777777777778 0.0375 0.049074074074074076
0 0.5018229166666667 0.8925925925925926 0.028645833333333332 0.07777777777777778
0 0.7536458333333333 0.4569444444444445 0.040625 0.03796296296296296
0 0.7515625 0.4949074074074074 0.040625 0.03425925925925926
0 0.8143229166666667 0.49259259259259264 0.04114583333333333 0.031481481481481485
0 0.81328125 0.45 0.0421875 0.02962962962962963
0 0.88359375 0.48379629629629634 0.0453125 0.03425925925925926
0 0.7611979166666667 0.5402777777777777 0.0421875 0.03425925925925926
0 0.9403645833333333 0.4916666666666667 0.044270833333333336 0.03518518518518519
0 0.6296875 0.951388888888889 0.021875 0.06759259259259259
