0 0.21067708333333332 0.575462962962963 0.04010416666666666 0.036111111111111115
0 0.265625 0.5800925925925926 0.040625 0.03425925925925926
0 0.26276041666666666 0.6328703703703704 0.0421875 0.032407407407407406
0 0.47213541666666664 0.2972222222222222 0.018229166666666668 0.07407407407407407
0 0.5333333333333333 0.43472222222222223 0.022916666666666665 0.08055555555555556
0 0.5984375 0.3675925925925926 0.03125 0.053703703703703705
0 0.5205729166666666 0.7268518518518519 0.022395833333333334 0.07777777777777778
0 0.5080729166666667 0.1902777777777778 0.0171875 0.06759259259259259
0 0.5190104166666667 0.031018518518518518 0.0203125 0.0638888888888889
0 0.6307291666666667 0.7712962962962964 0.02395833333333333 0.06851851851851852
0 0.75390625 0.4550925925925926 0.0421875 0.03425925925925926
0 0.7526041666666666 0.49259259259259264 0.040625 0.03333333333333333
0 0.7627604166666666 0.537962962962963 0.043229166666666666 0.03518518518518519
0 0.81640625 0.48935185185185187 0.0390625 0.03425925925925926
0 0.8138020833333334 0.4486111111111111 0.0421875 0.032407407407407406
0 0.88515625 0.4810185185185185 0.0421875 0.03425925925925926
0 0.9419270833333333 0.48935185185185187 0.043229166666666666 0.03425925925925926
