0 0.16875 0.6236111111111111 0.04375 0.06018518518518519
0 0.02395833333333333 0.737962962962963 0.04583333333333333 0.05
0 0.20781249999999998 0.6476851851851853 0.040625 0.04537037037037037
0 0.25885416666666666 0.6236111111111111 0.04895833333333333 0.04351851851851852
0 0.22526041666666666 0.5893518518518519 0.0421875 0.049074074074074076
0 0.2895833333333333 0.5578703703703703 0.046875 0.04722222222222222
0 0.5036458333333333 0.7050925925925926 0.028125 0.0712962962962963
0 0.5838541666666667 0.6652777777777779 0.027083333333333334 0.07314814814814816
0 0.5528645833333333 0.8087962962962963 0.019270833333333334 0.0787037037037037
0 0.5268229166666667 0.8578703703703704 0.019270833333333334 0.07314814814814816
0 0.8638020833333333 0.44953703703703707 0.043229166666666666 0.03796296296296296
0 0.7869791666666667 0.44074074074074077 0.046875 0.03888888888888889
0 0.790625 0.487962962962963 0.040625 0.037037037037037035
0 0.32057291666666665 0.6569444444444444 0.04114583333333333 0.03981481481481482
