0 0.5596354166666666 0.7342592592592593 0.0328125 0.06851851851851852
0 0.6393229166666666 0.5990740740740741 0.04114583333333333 0.05
0 0.6182291666666666 0.5064814814814815 0.035416666666666666 0.02962962962962963
0 0.43854166666666666 0.5074074074074074 0.03958333333333333 0.03333333333333333
0 0.4041666666666667 0.40046296296296297 0.03854166666666667 0.058333333333333334
0 0.05182291666666666 0.49444444444444446 0.0453125 0.03333333333333333
0 0.2791666666666667 0.687962962962963 0.04479166666666667 0.031481481481481485
0 0.79453125 0.5532407407407408 0.0390625 0.028703703703703703
0 0.9111979166666666 0.5032407407407408 0.0390625 0.03425925925925926
0 0.5153645833333333 0.05694444444444444 0.021354166666666667 0.07685185185185185
