0 0.4635416666666667 0.31666666666666665 0.015625 0.07222222222222223
0 0.4901041666666667 0.26851851851851855 0.016666666666666666 0.06851851851851852
0 0.5354166666666667 0.3143518518518519 0.019791666666666666 0.0787037037037037
0 0.5721354166666667 0.25462962962962965 0.019270833333333334 0.07407407407407407
0 0.4908854166666667 0.4046296296296297 0.019270833333333334 0.07037037037037037
0 0.2875 0.5625 0.04375 0.04351851851851852
0 0.16432291666666665 0.6268518518518519 0.044270833333333336 0.05925925925925926
0 0.22135416666666666 0.5935185185185186 0.040625 0.040740740740740744
0 0.20598958333333334 0.650462962962963 0.03802083333333333 0.04351851851851852
0 0.25677083333333334 0.625 0.04583333333333333 0.0462962962962963
0 0.4041666666666667 0.6712962962962963 0.04479166666666667 0.05185185185185186
0 0.5434895833333333 0.6550925925925927 0.019270833333333334 0.06759259259259259
0 0.5528645833333333 0.8944444444444445 0.019270833333333334 0.07592592592592592
0 0.52734375 0.9125000000000001 0.0171875 0.075
0 0.5020833333333333 0.9523148148148148 0.019791666666666666 0.0787037037037037
