0 0.4315104166666667 0.5620370370370371 0.0265625 0.04814814814814815
0 0.44453125 0.7069444444444445 0.0140625 0.058333333333333334
0 0.4934895833333333 0.6925925925925926 0.015104166666666667 0.053703703703703705
0 0.49192708333333335 0.7703703703703704 0.0171875 0.06296296296296297
0 0.49713541666666666 0.8921296296296297 0.0140625 0.0638888888888889
0 0.21927083333333333 0.5083333333333333 0.034375 0.022222222222222223
0 0.16041666666666665 0.5101851851851852 0.03125 0.02592592592592593
0 0.059895833333333336 0.5194444444444445 0.0375 0.031481481481481485
0 0.7705729166666666 0.45092592592592595 0.0296875 0.02777777777777778
0 0.9065104166666667 0.4226851851851852 0.033854166666666664 0.026851851851851852
