0 0.3895 0.6315555555555555 0.0385 0.03377777777777778
0 0.243875 0.6593333333333333 0.04425 0.042222222222222223
0 0.12625 0.6362222222222222 0.0465 0.050222222222222224
0 0.094625 0.5204444444444445 0.043250000000000004 0.052444444444444446
0 0.098875 0.7104444444444444 0.043250000000000004 0.04133333333333333
0 0.2655 0.4935555555555556 0.035500000000000004 0.06711111111111111
0 0.30575 0.33155555555555555 0.0235 0.064
0 0.25875 0.12733333333333333 0.0195 0.076
0 0.234125 0.16244444444444445 0.017750000000000002 0.060888888888888895
0 0.311375 0.06644444444444444 0.021750000000000002 0.07155555555555555
0 0.521875 0.5915555555555556 0.03675 0.03377777777777778
0 0.5405 0.5344444444444445 0.0385 0.03688888888888889
0 0.544875 0.48933333333333334 0.04025 0.035555555555555556
0 0.611 0.5062222222222222 0.0385 0.03822222222222223
0 0.69325 0.7193333333333334 0.041 0.03777777777777778
0 0.71625 0.5793333333333334 0.0385 0.03777777777777778
0 0.639 0.6095555555555556 0.039 0.03777777777777778
0 0.581875 0.6004444444444444 0.03975 0.03822222222222223
0 0.5885 0.5482222222222223 0.0445 0.03866666666666667
0 0.6645 0.5162222222222222 0.0415 0.03777777777777778
0 0.810875 0.5962222222222222 0.04025 0.03688888888888889
0 0.89125 0.6184444444444445 0.044 0.04133333333333333
0 0.96525 0.6004444444444444 0.045 0.044444444444444446
0 0.9726250000000001 0.6522222222222223 0.043250000000000004 0.043111111111111114
0 0.8545 0.5611111111111111 0.0415 0.03688888888888889
0 0.258375 0.025333333333333336 0.02025 0.05066666666666667
0 0.642625 0.5624444444444445 0.04275 0.036000000000000004
