0 0.10989583333333333 0.3523148148148148 0.030208333333333334 0.02314814814814815
0 0.18854166666666666 0.3523148148148148 0.03125 0.02314814814814815
0 0.33203125 0.32546296296296295 0.0296875 0.025
0 0.09609375 0.49074074074074076 0.0359375 0.022222222222222223
0 0.22447916666666667 0.5171296296296296 0.03333333333333333 0.025
0 0.3307291666666667 0.48240740740740745 0.028125 0.02592592592592593
0 0.3263020833333333 0.5152777777777778 0.033854166666666664 0.02314814814814815
0 0.425 0.47731481481481486 0.03125 0.025
0 0.45026041666666666 0.6574074074074074 0.019270833333333334 0.05
0 0.5130208333333334 0.5972222222222222 0.014583333333333334 0.044444444444444446
0 0.4440104166666667 0.8189814814814815 0.013020833333333334 0.06018518518518519
0 0.53359375 0.47731481481481486 0.0328125 0.02314814814814815
0 0.6260416666666666 0.4666666666666667 0.028125 0.02592592592592593
0 0.7059895833333333 0.4967592592592593 0.028645833333333332 0.026851851851851852
0 0.5661458333333333 0.32175925925925924 0.03229166666666666 0.025
0 0.6583333333333333 0.2949074074074074 0.029166666666666667 0.025
0 0.70390625 0.2689814814814815 0.0296875 0.021296296296296296
0 0.7005208333333334 0.2935185185185185 0.030208333333333334 0.02592592592592593
0 0.9078125 0.4222222222222222 0.028125 0.024074074074074074
0 0.8385416666666666 0.42453703703703705 0.030208333333333334 0.02314814814814815
0 0.8515625 0.46296296296296297 0.03125 0.022222222222222223
