0 0.467625 0.41933333333333334 0.03025 0.05644444444444445
0 0.533375 0.35644444444444445 0.01725 0.051555555555555556
0 0.560625 0.46622222222222226 0.02075 0.05777777777777778
0 0.536875 0.5593333333333333 0.01725 0.06355555555555556
0 0.555875 0.7424444444444445 0.02075 0.06533333333333334
0 0.601125 0.9073333333333333 0.02125 0.06533333333333334
0 0.31275000000000003 0.5673333333333334 0.035500000000000004 0.02
0 0.514125 0.23933333333333334 0.017750000000000002 0.060000000000000005
0 0.5275 0.07955555555555556 0.0195 0.064
0 0.5573750000000001 0.33844444444444444 0.01525 0.06444444444444444
0 0.5835 0.3473333333333333 0.019 0.06355555555555556
0 0.7332500000000001 0.4915555555555556 0.029500000000000002 0.027555555555555555
0 0.737375 0.4555555555555556 0.03425 0.023111111111111114
0 0.777875 0.45511111111111113 0.03275 0.029333333333333336
0 0.822375 0.4524444444444445 0.03375 0.022222222222222223
0 0.861375 0.45311111111111113 0.03625 0.027111111111111114
0 0.7352500000000001 0.5271111111111111 0.0325 0.028444444444444446
0 0.77675 0.5282222222222223 0.035 0.024444444444444446
0 0.7388750000000001 0.5984444444444444 0.03625 0.03244444444444445
0 0.856625 0.4862222222222222 0.03475 0.024
0 0.8125 0.48733333333333334 0.035500000000000004 0.025333333333333336
0 0.774625 0.4882222222222222 0.03425 0.026222222222222223
0 0.898875 0.48133333333333334 0.03675 0.027555555555555555
0 0.948125 0.47822222222222227 0.03925 0.027555555555555555
0 0.914625 0.5171111111111112 0.03125 0.03155555555555556
0 0.959375 0.5142222222222222 0.035750000000000004 0.023111111111111114
0 0.017375 0.6404444444444445 0.03425 0.02666666666666667
