0 0.271875 0.5907407407407408 0.04375 0.031481481481481485
0 0.2752604166666667 0.637962962962963 0.0421875 0.03518518518518519
0 0.28151041666666665 0.6814814814814815 0.043229166666666666 0.031481481481481485
0 0.7505208333333333 0.4675925925925926 0.046875 0.037037037037037035
0 0.8111979166666666 0.46435185185185185 0.0421875 0.03425925925925926
0 0.8744791666666667 0.4652777777777778 0.04791666666666666 0.036111111111111115
0 0.9526041666666667 0.46481481481481485 0.04479166666666667 0.03333333333333333
0 0.9679687499999999 0.5083333333333333 0.0453125 0.03518518518518519
0 0.91796875 0.5541666666666667 0.0421875 0.028703703703703703
0 0.8096354166666666 0.5046296296296297 0.0421875 0.02962962962962963
0 0.7526041666666666 0.5162037037037037 0.04479166666666667 0.03425925925925926
0 0.8643229166666666 0.5074074074074074 0.0421875 0.03333333333333333
0 0.9171874999999999 0.5055555555555555 0.040625 0.02962962962962963
