0 0.040364583333333336 0.4842592592592593 0.03802083333333333 0.02592592592592593
0 0.12864583333333332 0.48750000000000004 0.036458333333333336 0.026851851851851852
0 0.2760416666666667 0.5171296296296296 0.034375 0.030555555555555558
0 0.35182291666666665 0.5148148148148148 0.03177083333333333 0.02592592592592593
0 0.4153645833333333 0.5421296296296296 0.030729166666666665 0.04351851851851852
0 0.45390625 0.6541666666666667 0.0203125 0.05648148148148149
0 0.49374999999999997 0.701388888888889 0.015625 0.05462962962962963
0 0.4979166666666667 0.9009259259259259 0.013541666666666667 0.06296296296296297
0 0.4927083333333333 0.7800925925925927 0.013541666666666667 0.06018518518518519
0 0.4713541666666667 0.8583333333333334 0.014583333333333334 0.061111111111111116
0 0.6255208333333333 0.44722222222222224 0.03125 0.02777777777777778
0 0.90703125 0.4300925925925926 0.0328125 0.026851851851851852
0 0.8658854166666666 0.43703703703703706 0.028645833333333332 0.022222222222222223
