0 0.040364583333333336 0.49444444444444446 0.049479166666666664 0.037037037037037035
0 0.19661458333333334 0.4351851851851852 0.04635416666666667 0.044444444444444446
0 0.3403645833333333 0.4759259259259259 0.0421875 0.04259259259259259
0 0.43645833333333334 0.5555555555555556 0.04375 0.06481481481481481
0 0.2682291666666667 0.5930555555555556 0.04375 0.032407407407407406
0 0.27421875 0.6402777777777778 0.0421875 0.036111111111111115
0 0.4869791666666667 0.8916666666666667 0.029166666666666667 0.07222222222222223
0 0.6046875 0.42685185185185187 0.040625 0.05925925925925926
0 0.7505208333333333 0.47500000000000003 0.04583333333333333 0.03518518518518519
0 0.7510416666666666 0.5212962962962964 0.04583333333333333 0.03518518518518519
0 0.8072916666666666 0.5120370370370371 0.042708333333333334 0.031481481481481485
0 0.83203125 0.4703703703703704 0.0421875 0.03333333333333333
0 0.8619791666666666 0.5171296296296296 0.04375 0.032407407407407406
0 0.9299479166666667 0.5143518518518518 0.0421875 0.032407407407407406
0 0.48463541666666665 0.058333333333333334 0.021354166666666667 0.07222222222222223
0 0.5161458333333333 0.08657407407407408 0.021875 0.07314814814814816
