0 0.58825 0.5131111111111112 0.013000000000000001 0.03777777777777778
0 0.573375 0.4733333333333334 0.010750000000000001 0.034666666666666665
0 0.609125 0.4262222222222222 0.01125 0.03288888888888889
0 0.62275 0.5711111111111111 0.015 0.04
0 0.5680000000000001 0.7753333333333333 0.014 0.04844444444444445
0 0.58425 0.8573333333333334 0.0135 0.052444444444444446
0 0.546125 0.8373333333333334 0.01425 0.04711111111111111
0 0.566875 0.8262222222222223 0.01525 0.044444444444444446
0 0.565375 0.8762222222222222 0.01375 0.042222222222222223
0 0.5427500000000001 0.9031111111111112 0.016 0.051555555555555556
0 0.562375 0.9362222222222223 0.01375 0.050222222222222224
0 0.53925 0.9653333333333334 0.016 0.05688888888888889
