0 0.06380208333333333 0.6708333333333334 0.049479166666666664 0.03796296296296296
0 0.19427083333333334 0.687962962962963 0.046875 0.03518518518518519
0 0.28098958333333335 0.6370370370370371 0.043229166666666666 0.037037037037037035
0 0.28359375 0.5902777777777778 0.0421875 0.03425925925925926
0 0.4244791666666667 0.7296296296296296 0.040625 0.053703703703703705
0 0.7432291666666666 0.5143518518518518 0.046875 0.03425925925925926
0 0.7276041666666666 0.4671296296296297 0.04375 0.032407407407407406
0 0.8091145833333333 0.46296296296296297 0.04114583333333333 0.03333333333333333
0 0.8721354166666666 0.46574074074074073 0.04739583333333333 0.03518518518518519
0 0.8059895833333334 0.5041666666666667 0.0421875 0.032407407407407406
0 0.8643229166666666 0.5050925925925926 0.0421875 0.030555555555555558
0 0.9171874999999999 0.5050925925925926 0.040625 0.028703703703703703
0 0.9174479166666667 0.5527777777777778 0.043229166666666666 0.02592592592592593
0 0.9736979166666666 0.5546296296296297 0.043229166666666666 0.031481481481481485
0 0.9684895833333333 0.5083333333333333 0.0453125 0.03518518518518519
0 0.953125 0.46296296296296297 0.04375 0.03518518518518519
