0 0.0965 0.5671111111111111 0.042 0.034666666666666665
0 0.12375 0.46644444444444444 0.035 0.03155555555555556
0 0.3655 0.44933333333333336 0.033 0.030222222222222223
0 0.446875 0.4435555555555556 0.03375 0.04533333333333334
0 0.541125 0.39533333333333337 0.01725 0.052000000000000005
0 0.5455 0.19044444444444444 0.0155 0.058222222222222224
0 0.655 0.5535555555555556 0.0345 0.036000000000000004
0 0.7252500000000001 0.5724444444444444 0.0315 0.028444444444444446
0 0.41675 0.6482222222222223 0.036000000000000004 0.025333333333333336
0 0.337375 0.6493333333333333 0.03725 0.02666666666666667
0 0.316625 0.5693333333333334 0.03375 0.02666666666666667
0 0.602375 0.9082222222222223 0.02125 0.06444444444444444
0 0.73825 0.5302222222222223 0.0315 0.028444444444444446
0 0.77725 0.5282222222222223 0.035 0.03066666666666667
0 0.736125 0.49333333333333335 0.03075 0.024
0 0.7761250000000001 0.4895555555555556 0.03375 0.03155555555555556
0 0.816125 0.4895555555555556 0.03425 0.025333333333333336
0 0.859625 0.4882222222222222 0.03725 0.025333333333333336
0 0.901375 0.48311111111111116 0.03675 0.028444444444444446
0 0.7388750000000001 0.45533333333333337 0.03375 0.028
0 0.7811250000000001 0.45533333333333337 0.03425 0.03066666666666667
0 0.8250000000000001 0.45533333333333337 0.038 0.028
0 0.86375 0.45311111111111113 0.035 0.025333333333333336
0 0.951375 0.48155555555555557 0.04075 0.03066666666666667
0 0.917625 0.5173333333333333 0.03375 0.027555555555555555
0 0.960875 0.5131111111111112 0.03625 0.027111111111111114
