0 0.5315104166666667 0.45740740740740743 0.0234375 0.07407407407407407
0 0.7299479166666667 0.5217592592592593 0.0421875 0.03796296296296296
0 0.7481770833333333 0.4800925925925926 0.04114583333333333 0.032407407407407406
0 0.5747395833333333 0.21666666666666667 0.0203125 0.06481481481481481
0 0.45026041666666666 0.3351851851851852 0.0328125 0.06851851851851852
0 0.3880208333333333 0.42592592592592593 0.04479166666666667 0.05555555555555556
0 0.26328125 0.4671296296296297 0.04114583333333333 0.036111111111111115
0 0.22317708333333333 0.5893518518518519 0.04635416666666667 0.036111111111111115
0 0.28932291666666665 0.5972222222222222 0.0453125 0.03333333333333333
0 0.08958333333333333 0.5842592592592593 0.053125 0.03888888888888889
0 0.16302083333333334 0.5861111111111111 0.040625 0.03518518518518519
0 0.1578125 0.500925925925926 0.053125 0.03888888888888889
0 0.48203124999999997 0.15185185185185185 0.0203125 0.07407407407407407
0 0.7544270833333333 0.5657407407407408 0.044270833333333336 0.031481481481481485
0 0.7921875 0.5185185185185185 0.04375 0.02962962962962963
0 0.8479166666666667 0.5203703703703704 0.04583333333333333 0.037037037037037035
0 0.7385416666666667 0.6171296296296297 0.03854166666666667 0.032407407407407406
0 0.9057291666666667 0.5175925925925926 0.04375 0.03333333333333333
0 0.9747395833333333 0.5189814814814815 0.04635416666666667 0.03425925925925926
