0 0.580375 0.4162222222222222 0.01425 0.04133333333333333
0 0.563875 0.41844444444444445 0.01325 0.043111111111111114
0 0.574875 0.48044444444444445 0.01375 0.04533333333333334
0 0.5535 0.5373333333333333 0.015 0.03911111111111111
0 0.5740000000000001 0.5275555555555556 0.013000000000000001 0.04
0 0.571875 0.5751111111111111 0.014750000000000001 0.044444444444444446
0 0.549875 0.5973333333333334 0.01725 0.04711111111111111
0 0.567375 0.6282222222222222 0.01425 0.043111111111111114
0 0.546125 0.6553333333333333 0.01425 0.05377777777777778
0 0.565625 0.6831111111111111 0.01425 0.051555555555555556
0 0.584 0.6844444444444445 0.0155 0.05688888888888889
0 0.53925 0.7182222222222222 0.016 0.05777777777777778
0 0.560875 0.7704444444444445 0.01525 0.060000000000000005
0 0.583375 0.7573333333333334 0.01425 0.05333333333333334
0 0.53625 0.7915555555555556 0.016 0.05688888888888889
0 0.555875 0.8435555555555556 0.01575 0.051555555555555556
0 0.581125 0.8424444444444444 0.017750000000000002 0.060888888888888895
0 0.533375 0.8604444444444445 0.01575 0.06311111111111112
0 0.6405 0.060222222222222226 0.01 0.02888888888888889
