0 0.09713541666666667 0.6370370370370371 0.0484375 0.0462962962962963
0 0.1640625 0.6083333333333334 0.040625 0.04259259259259259
0 0.15755208333333334 0.6666666666666667 0.0453125 0.044444444444444446
0 0.22213541666666667 0.637962962962963 0.0421875 0.040740740740740744
0 0.23932291666666666 0.5837962962962964 0.043229166666666666 0.04351851851851852
0 0.30833333333333335 0.5453703703703704 0.041666666666666664 0.040740740740740744
0 0.27682291666666664 0.6171296296296297 0.0359375 0.03981481481481482
0 0.5044270833333333 0.6370370370370371 0.0265625 0.061111111111111116
0 0.5559895833333334 0.2189814814814815 0.018229166666666668 0.06944444444444445
0 0.7869791666666667 0.4861111111111111 0.042708333333333334 0.03888888888888889
0 0.8377604166666667 0.4898148148148148 0.0421875 0.03518518518518519
0 0.43776041666666665 0.043055555555555555 0.0203125 0.0712962962962963
