0 0.16979166666666667 0.48333333333333334 0.03333333333333333 0.022222222222222223
0 0.2484375 0.4851851851851852 0.0375 0.024074074074074074
0 0.20651041666666667 0.5171296296296296 0.033854166666666664 0.026851851851851852
0 0.35104166666666664 0.5175925925925926 0.03125 0.02592592592592593
0 0.3229166666666667 0.48379629629629634 0.03333333333333333 0.025
0 0.4083333333333333 0.47962962962962963 0.03125 0.024074074074074074
0 0.3572916666666667 0.350462962962963 0.030208333333333334 0.025
0 0.5091145833333334 0.2851851851851852 0.03177083333333333 0.02592592592592593
0 0.4947916666666667 0.350462962962963 0.026041666666666668 0.03796296296296296
0 0.4856770833333333 0.4671296296296297 0.027604166666666666 0.02314814814814815
0 0.4322916666666667 0.576388888888889 0.028125 0.05092592592592593
0 0.51796875 0.6087962962962963 0.0171875 0.05277777777777778
0 0.5424479166666667 0.5342592592592593 0.025520833333333333 0.04259259259259259
0 0.45338541666666665 0.712962962962963 0.0171875 0.06296296296296297
0 0.4908854166666667 0.6814814814814815 0.0140625 0.04814814814814815
0 0.49192708333333335 0.7787037037037038 0.0140625 0.05925925925925926
0 0.49557291666666664 0.8587962962962963 0.0140625 0.06574074074074074
0 0.4984375 0.9541666666666667 0.01875 0.07685185185185185
0 0.87109375 0.437962962962963 0.0265625 0.024074074074074074
0 0.8270833333333333 0.437962962962963 0.030208333333333334 0.024074074074074074
0 0.7796875 0.49722222222222223 0.03125 0.024074074074074074
