0 0.016156462585034014 0.608139534883721 0.01984126984126984 0.03953488372093023
0 0.08503401360544217 0.08953488372093023 0.009070294784580499 0.08604651162790697
0 0.40532879818594103 0.6767441860465117 0.01927437641723356 0.037209302325581395
0 0.6998299319727891 0.6604651162790698 0.023242630385487528 0.037209302325581395
0 0.7743764172335601 0.7162790697674418 0.021541950113378686 0.04186046511627907
0 0.20011337868480727 0.4255813953488372 0.021541950113378686 0.05116279069767442
0 0.7534013605442177 0.7162790697674418 0.011337868480725623 0.03255813953488372
0 0.20776643990929705 0.4813953488372093 0.01870748299319728 0.04186046511627907
0 0.2037981859410431 0.5430232558139535 0.01984126984126984 0.03488372093023256
0 0.2414965986394558 0.49534883720930234 0.017006802721088437 0.037209302325581395
0 0.23412698412698413 0.5465116279069767 0.022675736961451247 0.04186046511627907
0 0.1096938775510204 0.9406976744186046 0.00963718820861678 0.09069767441860466
0 0.26927437641723356 0.5534883720930233 0.020408163265306124 0.037209302325581395
0 0.29903628117913833 0.5581395348837209 0.017573696145124718 0.037209302325581395
0 0.2723922902494331 0.49302325581395345 0.024376417233560092 0.04186046511627907
0 0.3001700680272109 0.43488372093023253 0.022108843537414966 0.046511627906976744
0 0.3565759637188209 0.4476744186046512 0.021541950113378686 0.044186046511627906
0 0.39399092970521543 0.4511627906976744 0.022675736961451247 0.046511627906976744
0 0.41865079365079366 0.45581395348837206 0.01417233560090703 0.04186046511627907
0 0.4481292517006803 0.4569767441860465 0.01984126984126984 0.03953488372093023
0 0.4909297052154195 0.46162790697674416 0.021541950113378686 0.044186046511627906
0 0.6879251700680272 0.09186046511627907 0.00963718820861678 0.07674418604651162
0 0.7644557823129252 0.17674418604651163 0.01870748299319728 0.07906976744186046
0 0.6808390022675738 0.7604651162790698 0.018140589569160998 0.037209302325581395
0 0.7020975056689343 0.7604651162790698 0.017573696145124718 0.03255813953488372
0 0.7270408163265306 0.7616279069767442 0.016439909297052156 0.03953488372093023
0 0.7573696145124716 0.7616279069767442 0.022675736961451247 0.03953488372093023
0 0.784297052154195 0.7674418604651163 0.01984126984126984 0.037209302325581395
0 0.8061224489795918 0.7709302325581395 0.017006802721088437 0.03488372093023256
0 0.9370748299319728 0.7813953488372093 0.017006802721088437 0.04186046511627907
0 0.9832766439909297 0.45581395348837206 0.01870748299319728 0.037209302325581395
0 0.9608843537414966 0.45232558139534884 0.020408163265306124 0.03488372093023256
0 0.9348072562358277 0.4476744186046512 0.01927437641723356 0.03488372093023256
0 0.9104308390022676 0.4441860465116279 0.017006802721088437 0.037209302325581395
0 0.8857709750566893 0.44302325581395346 0.022108843537414966 0.044186046511627906
0 0.8565759637188208 0.44069767441860463 0.017006802721088437 0.03488372093023256
0 0.828514739229025 0.436046511627907 0.01984126984126984 0.03953488372093023
0 0.76218820861678 0.4313953488372093 0.01870748299319728 0.03488372093023256
0 0.6218820861678005 0.4255813953488372 0.01927437641723356 0.03255813953488372
0 0.6026077097505669 0.42790697674418604 0.017006802721088437 0.037209302325581395
0 0.5796485260770975 0.42209302325581394 0.020975056689342405 0.044186046511627906
0 0.5535714285714286 0.42209302325581394 0.01984126984126984 0.03488372093023256
0 0.5325963718820862 0.41860465116279066 0.013038548752834467 0.03255813953488372
0 0.5107709750566893 0.41511627906976745 0.017006802721088437 0.03488372093023256
0 0.4863945578231293 0.413953488372093 0.020408163265306124 0.037209302325581395
0 0.45833333333333337 0.4104651162790698 0.01984126984126984 0.03488372093023256
0 0.4342403628117914 0.40581395348837207 0.018140589569160998 0.03488372093023256
0 0.4118480725623583 0.4046511627906977 0.017573696145124718 0.037209302325581395
0 0.3877551020408163 0.40232558139534885 0.015873015873015872 0.037209302325581395
0 0.3650793650793651 0.3988372093023256 0.018140589569160998 0.03488372093023256
0 0.34183673469387754 0.3941860465116279 0.015873015873015872 0.03488372093023256
0 0.3194444444444445 0.3918604651162791 0.01870748299319728 0.03488372093023256
0 0.5674603174603174 0.6616279069767442 0.017006802721088437 0.03953488372093023
