0 0.017573696145124718 0.6232558139534884 0.01927437641723356 0.046511627906976744
0 0.36394557823129253 0.8034883720930233 0.011337868480725623 0.08139534883720931
0 0.4679705215419501 0.6837209302325581 0.023242630385487528 0.04186046511627907
0 0.5620748299319728 0.7348837209302326 0.020975056689342405 0.046511627906976744
0 0.2003968253968254 0.45 0.022108843537414966 0.04883720930232558
0 0.5410997732426304 0.736046511627907 0.013038548752834467 0.03488372093023256
0 0.20861678004535147 0.5069767441860465 0.01927437641723356 0.04186046511627907
0 0.20464852607709752 0.5616279069767441 0.01927437641723356 0.044186046511627906
0 0.24178004535147393 0.522093023255814 0.016439909297052156 0.03953488372093023
0 0.23469387755102042 0.5686046511627907 0.022675736961451247 0.053488372093023255
0 0.11111111111111112 0.9523255813953488 0.009070294784580499 0.08604651162790697
0 0.270124716553288 0.5813953488372093 0.022108843537414966 0.04186046511627907
0 0.2996031746031746 0.5872093023255814 0.017573696145124718 0.03953488372093023
0 0.27267573696145125 0.522093023255814 0.02380952380952381 0.044186046511627906
0 0.30130385487528344 0.46162790697674416 0.020975056689342405 0.053488372093023255
0 0.3579931972789116 0.4790697674418605 0.020975056689342405 0.04186046511627907
0 0.39540816326530615 0.4813953488372093 0.022108843537414966 0.05116279069767442
0 0.41950113378684806 0.4883720930232558 0.01473922902494331 0.04186046511627907
0 0.44869614512471656 0.4906976744186046 0.01984126984126984 0.037209302325581395
0 0.49178004535147396 0.49534883720930234 0.022108843537414966 0.04186046511627907
0 0.6890589569160998 0.14418604651162792 0.00963718820861678 0.06976744186046512
0 0.7655895691609977 0.22209302325581395 0.01870748299319728 0.07674418604651162
0 0.68140589569161 0.7895348837209302 0.018140589569160998 0.03953488372093023
0 0.7029478458049887 0.791860465116279 0.018140589569160998 0.03953488372093023
0 0.7281746031746031 0.7930232558139535 0.016439909297052156 0.04186046511627907
0 0.7579365079365079 0.7941860465116279 0.022675736961451247 0.03953488372093023
0 0.7848639455782314 0.8 0.020975056689342405 0.04186046511627907
0 0.8072562358276644 0.8046511627906977 0.017006802721088437 0.037209302325581395
0 0.9367913832199547 0.8197674418604651 0.01870748299319728 0.03953488372093023
0 0.9841269841269842 0.5 0.018140589569160998 0.04186046511627907
0 0.9617346938775511 0.4965116279069767 0.01984126984126984 0.03953488372093023
0 0.9359410430839002 0.49302325581395345 0.01927437641723356 0.037209302325581395
0 0.9109977324263039 0.48953488372093024 0.017006802721088437 0.03953488372093023
0 0.8863378684807256 0.48604651162790696 0.022108843537414966 0.05116279069767442
0 0.8579931972789115 0.4825581395348837 0.017573696145124718 0.03953488372093023
0 0.8296485260770975 0.4813953488372093 0.01984126984126984 0.04186046511627907
0 0.7636054421768708 0.47093023255813954 0.01927437641723356 0.03953488372093023
0 0.6232993197278912 0.46511627906976744 0.01984126984126984 0.037209302325581395
0 0.6034580498866213 0.463953488372093 0.015306122448979591 0.03953488372093023
0 0.5807823129251701 0.4569767441860465 0.020975056689342405 0.04883720930232558
0 0.5549886621315193 0.46162790697674416 0.020408163265306124 0.03953488372093023
0 0.5337301587301587 0.45581395348837206 0.013038548752834467 0.04186046511627907
0 0.511904761904762 0.4511627906976744 0.017006802721088437 0.037209302325581395
0 0.48781179138321995 0.44883720930232557 0.020975056689342405 0.046511627906976744
0 0.45975056689342403 0.4418604651162791 0.01927437641723356 0.037209302325581395
0 0.4350907029478458 0.44069767441860463 0.017573696145124718 0.03953488372093023
0 0.41241496598639454 0.4372093023255814 0.017573696145124718 0.04186046511627907
0 0.38832199546485263 0.4325581395348837 0.015873015873015872 0.04186046511627907
0 0.3656462585034014 0.4290697674418605 0.018140589569160998 0.03953488372093023
0 0.342687074829932 0.42441860465116277 0.015306122448979591 0.03953488372093023
0 0.32029478458049887 0.42093023255813955 0.017006802721088437 0.037209302325581395
0 0.36536281179138325 0.6918604651162791 0.017573696145124718 0.03953488372093023
