0 0.01870748299319728 0.6232558139534884 0.01927437641723356 0.04186046511627907
0 0.36422902494331066 0.8453488372093023 0.008503401360544218 0.08139534883720931
0 0.3670634920634921 0.6953488372093023 0.023242630385487528 0.05116279069767442
0 0.46456916099773243 0.7348837209302326 0.022108843537414966 0.05116279069767442
0 0.2018140589569161 0.45581395348837206 0.022675736961451247 0.046511627906976744
0 0.4441609977324263 0.7395348837209302 0.013038548752834467 0.04186046511627907
0 0.2100340136054422 0.513953488372093 0.01870748299319728 0.046511627906976744
0 0.20634920634920637 0.5697674418604651 0.020408163265306124 0.05116279069767442
0 0.24319727891156465 0.5290697674418604 0.017006802721088437 0.044186046511627906
0 0.2366780045351474 0.5767441860465117 0.022108843537414966 0.05581395348837209
0 0.11224489795918367 0.9546511627906976 0.007936507936507936 0.08139534883720931
0 0.27154195011337867 0.5883720930232558 0.021541950113378686 0.046511627906976744
0 0.30130385487528344 0.5941860465116279 0.017573696145124718 0.03953488372093023
0 0.27409297052154197 0.5302325581395348 0.023242630385487528 0.046511627906976744
0 0.302437641723356 0.4697674418604651 0.020975056689342405 0.05581395348837209
0 0.35856009070294786 0.4906976744186046 0.01984126984126984 0.046511627906976744
0 0.39654195011337867 0.49186046511627907 0.023242630385487528 0.053488372093023255
0 0.4203514739229025 0.49883720930232556 0.015306122448979591 0.03953488372093023
0 0.4503968253968254 0.5011627906976744 0.01984126984126984 0.044186046511627906
0 0.49376417233560094 0.5093023255813953 0.022675736961451247 0.046511627906976744
0 0.6899092970521542 0.16046511627906976 0.009070294784580499 0.06511627906976744
0 0.7667233560090703 0.23953488372093024 0.01870748299319728 0.07906976744186046
0 0.6822562358276644 0.8023255813953488 0.017573696145124718 0.04186046511627907
0 0.7040816326530612 0.8011627906976744 0.018140589569160998 0.03953488372093023
0 0.7290249433106576 0.8046511627906977 0.015873015873015872 0.04186046511627907
0 0.7593537414965986 0.8034883720930233 0.023242630385487528 0.044186046511627906
0 0.7859977324263039 0.8116279069767441 0.020975056689342405 0.04186046511627907
0 0.8078231292517007 0.8174418604651162 0.017006802721088437 0.044186046511627906
0 0.9846938775510204 0.5186046511627906 0.018140589569160998 0.046511627906976744
0 0.9631519274376418 0.513953488372093 0.020408163265306124 0.04186046511627907
0 0.9365079365079365 0.5093023255813953 0.01927437641723356 0.04186046511627907
0 0.9118480725623583 0.5069767441860465 0.016439909297052156 0.04186046511627907
0 0.8874716553287982 0.5011627906976744 0.020975056689342405 0.04883720930232558
0 0.858843537414966 0.49883720930232556 0.018140589569160998 0.044186046511627906
0 0.8304988662131519 0.49534883720930234 0.020408163265306124 0.04186046511627907
0 0.7644557823129252 0.48604651162790696 0.01870748299319728 0.046511627906976744
0 0.6238662131519275 0.48023255813953486 0.01870748299319728 0.03953488372093023
0 0.6045918367346939 0.48023255813953486 0.015306122448979591 0.044186046511627906
0 0.5816326530612245 0.47093023255813954 0.021541950113378686 0.053488372093023255
0 0.5558390022675737 0.4755813953488372 0.01984126984126984 0.03953488372093023
0 0.5351473922902494 0.4697674418604651 0.012471655328798186 0.04186046511627907
0 0.5130385487528345 0.4662790697674419 0.017006802721088437 0.03953488372093023
0 0.48894557823129253 0.4604651162790698 0.020975056689342405 0.05116279069767442
0 0.46116780045351474 0.45465116279069767 0.01984126984126984 0.044186046511627906
0 0.4365079365079365 0.4511627906976744 0.01927437641723356 0.04186046511627907
0 0.41383219954648526 0.4476744186046512 0.018140589569160998 0.044186046511627906
0 0.38973922902494335 0.4441860465116279 0.016439909297052156 0.046511627906976744
0 0.3673469387755102 0.43953488372093025 0.018140589569160998 0.04186046511627907
0 0.34438775510204084 0.43488372093023253 0.015306122448979591 0.046511627906976744
0 0.3217120181405896 0.43023255813953487 0.017573696145124718 0.04186046511627907
0 0.2786281179138322 0.6941860465116279 0.017573696145124718 0.044186046511627906
