0 0.01899092970521542 0.6232558139534884 0.01870748299319728 0.046511627906976744
0 0.3636621315192744 0.8906976744186046 0.013038548752834467 0.08372093023255814
0 0.2964852607709751 0.6988372093023256 0.02380952380952381 0.04883720930232558
0 0.395124716553288 0.741860465116279 0.021541950113378686 0.05581395348837209
0 0.20238095238095238 0.45930232558139533 0.022675736961451247 0.04883720930232558
0 0.375 0.7465116279069768 0.01417233560090703 0.04186046511627907
0 0.21031746031746032 0.5162790697674419 0.018140589569160998 0.046511627906976744
0 0.20691609977324263 0.5720930232558139 0.01927437641723356 0.05116279069767442
0 0.24404761904761904 0.5325581395348837 0.016439909297052156 0.04186046511627907
0 0.2372448979591837 0.5802325581395349 0.023242630385487528 0.053488372093023255
0 0.11281179138321996 0.9558139534883721 0.009070294784580499 0.07906976744186046
0 0.27125850340136054 0.5918604651162791 0.020975056689342405 0.04883720930232558
0 0.30130385487528344 0.6 0.017573696145124718 0.04186046511627907
0 0.2743764172335601 0.5348837209302325 0.02380952380952381 0.046511627906976744
0 0.3032879818594104 0.47674418604651164 0.021541950113378686 0.06046511627906977
0 0.358843537414966 0.4965116279069767 0.020408163265306124 0.044186046511627906
0 0.39654195011337867 0.5 0.023242630385487528 0.05581395348837209
0 0.42091836734693877 0.5058139534883721 0.01417233560090703 0.03953488372093023
0 0.45068027210884354 0.5081395348837209 0.020408163265306124 0.044186046511627906
0 0.4934807256235828 0.5151162790697674 0.023242630385487528 0.04883720930232558
0 0.6907596371882087 0.1744186046511628 0.008503401360544218 0.06511627906976744
0 0.7667233560090703 0.25 0.01870748299319728 0.07674418604651162
0 0.6828231292517007 0.8069767441860465 0.017573696145124718 0.04186046511627907
0 0.7040816326530612 0.8081395348837209 0.018140589569160998 0.03953488372093023
0 0.7293083900226758 0.8093023255813954 0.016439909297052156 0.04186046511627907
0 0.7596371882086168 0.8116279069767441 0.022675736961451247 0.046511627906976744
0 0.786281179138322 0.8174418604651162 0.020408163265306124 0.044186046511627906
0 0.808390022675737 0.8220930232558139 0.017006802721088437 0.044186046511627906
0 0.9855442176870749 0.5290697674418604 0.017573696145124718 0.044186046511627906
0 0.9631519274376418 0.5244186046511627 0.020408163265306124 0.044186046511627906
0 0.937358276643991 0.5197674418604651 0.01984126984126984 0.044186046511627906
0 0.9126984126984127 0.5162790697674419 0.017006802721088437 0.046511627906976744
0 0.8874716553287982 0.5093023255813953 0.022108843537414966 0.05581395348837209
0 0.858843537414966 0.5081395348837209 0.018140589569160998 0.044186046511627906
0 0.8310657596371882 0.5069767441860465 0.01927437641723356 0.04186046511627907
0 0.7650226757369615 0.4941860465116279 0.01870748299319728 0.044186046511627906
0 0.6241496598639455 0.4872093023255814 0.01927437641723356 0.03953488372093023
0 0.604875283446712 0.48604651162790696 0.015873015873015872 0.04186046511627907
0 0.5819160997732427 0.48023255813953486 0.020975056689342405 0.053488372093023255
0 0.5561224489795918 0.4813953488372093 0.020408163265306124 0.04186046511627907
0 0.5354308390022676 0.4755813953488372 0.013038548752834467 0.03953488372093023
0 0.5136054421768708 0.4720930232558139 0.015873015873015872 0.037209302325581395
0 0.48922902494331066 0.4662790697674419 0.020408163265306124 0.044186046511627906
0 0.46116780045351474 0.46162790697674416 0.01870748299319728 0.04883720930232558
0 0.4370748299319728 0.45813953488372094 0.018140589569160998 0.046511627906976744
0 0.4141156462585034 0.45348837209302323 0.017573696145124718 0.046511627906976744
0 0.39058956916099774 0.45 0.015873015873015872 0.044186046511627906
0 0.3673469387755102 0.4441860465116279 0.018140589569160998 0.04186046511627907
0 0.34438775510204084 0.44069767441860463 0.01417233560090703 0.03953488372093023
0 0.32227891156462585 0.436046511627907 0.017573696145124718 0.03953488372093023
0 0.2165532879818594 0.6906976744186046 0.018140589569160998 0.05116279069767442
