0 0.017006802721088437 0.6093023255813953 0.01927437641723356 0.04186046511627907
0 0.08503401360544217 0.0941860465116279 0.009070294784580499 0.08604651162790697
0 0.4248866213151928 0.672093023255814 0.01870748299319728 0.037209302325581395
0 0.7644557823129252 0.6593023255813953 0.023242630385487528 0.03953488372093023
0 0.8282312925170068 0.7127906976744186 0.022675736961451247 0.044186046511627906
0 0.19954648526077098 0.4255813953488372 0.020408163265306124 0.046511627906976744
0 0.8075396825396826 0.713953488372093 0.011904761904761906 0.03255813953488372
0 0.20776643990929705 0.4790697674418605 0.01870748299319728 0.04186046511627907
0 0.2032312925170068 0.541860465116279 0.01984126984126984 0.037209302325581395
0 0.24121315192743764 0.4941860465116279 0.016439909297052156 0.03488372093023256
0 0.23356009070294786 0.5441860465116279 0.022675736961451247 0.04186046511627907
0 0.10997732426303855 0.9372093023255814 0.009070294784580499 0.08837209302325581
0 0.26927437641723356 0.5511627906976744 0.020408163265306124 0.037209302325581395
0 0.2996031746031746 0.5546511627906977 0.017573696145124718 0.03488372093023256
0 0.27182539682539686 0.49186046511627907 0.023242630385487528 0.03953488372093023
0 0.3007369614512472 0.43023255813953487 0.020975056689342405 0.046511627906976744
0 0.356859410430839 0.4441860465116279 0.020975056689342405 0.037209302325581395
0 0.39427437641723356 0.4476744186046512 0.023242630385487528 0.04883720930232558
0 0.41865079365079366 0.4511627906976744 0.015306122448979591 0.04186046511627907
0 0.44841269841269843 0.4511627906976744 0.020408163265306124 0.037209302325581395
0 0.49121315192743764 0.45465116279069767 0.022108843537414966 0.03953488372093023
0 0.687641723356009 0.08139534883720931 0.010204081632653062 0.07441860465116279
0 0.764172335600907 0.16744186046511628 0.018140589569160998 0.07441860465116279
0 0.6808390022675738 0.7534883720930232 0.018140589569160998 0.037209302325581395
0 0.7023809523809524 0.7558139534883721 0.018140589569160998 0.037209302325581395
0 0.7276077097505669 0.7569767441860465 0.016439909297052156 0.03953488372093023
0 0.7573696145124716 0.7581395348837209 0.02380952380952381 0.037209302325581395
0 0.7845804988662132 0.7581395348837209 0.021541950113378686 0.037209302325581395
0 0.80640589569161 0.763953488372093 0.017573696145124718 0.03488372093023256
0 0.937358276643991 0.7732558139534884 0.017573696145124718 0.03953488372093023
0 0.9594671201814059 0.7744186046511627 0.015306122448979591 0.03255813953488372
0 0.9835600907029479 0.4453488372093023 0.01927437641723356 0.03488372093023256
0 0.9611678004535148 0.44069767441860463 0.01984126984126984 0.03488372093023256
0 0.935374149659864 0.4383720930232558 0.01927437641723356 0.03488372093023256
0 0.9101473922902494 0.436046511627907 0.016439909297052156 0.03953488372093023
0 0.8857709750566893 0.43488372093023253 0.022108843537414966 0.04186046511627907
0 0.856859410430839 0.4313953488372093 0.016439909297052156 0.03488372093023256
0 0.828514739229025 0.42790697674418604 0.01984126984126984 0.037209302325581395
0 0.7624716553287982 0.42441860465116277 0.018140589569160998 0.03488372093023256
0 0.6218820861678005 0.41860465116279066 0.01927437641723356 0.03255813953488372
0 0.6026077097505669 0.4174418604651163 0.017006802721088437 0.03488372093023256
0 0.5799319727891157 0.41511627906976745 0.021541950113378686 0.03953488372093023
0 0.5538548752834467 0.41511627906976745 0.01927437641723356 0.03488372093023256
0 0.5325963718820862 0.4116279069767442 0.011904761904761906 0.03255813953488372
0 0.5113378684807256 0.4069767441860465 0.017006802721088437 0.03255813953488372
0 0.48696145124716556 0.4081395348837209 0.020408163265306124 0.03488372093023256
0 0.45890022675736963 0.4046511627906977 0.01984126984126984 0.037209302325581395
0 0.4342403628117914 0.4 0.018140589569160998 0.037209302325581395
0 0.4118480725623583 0.4 0.017573696145124718 0.03255813953488372
0 0.3880385487528345 0.39767441860465114 0.016439909297052156 0.037209302325581395
0 0.3647959183673469 0.3941860465116279 0.01870748299319728 0.03488372093023256
0 0.34183673469387754 0.3895348837209302 0.015873015873015872 0.03488372093023256
0 0.3197278911564626 0.3883720930232558 0.018140589569160998 0.03255813953488372
0 0.6232993197278912 0.6569767441860465 0.017573696145124718 0.03953488372093023
