0 0.01842403628117914 0.6267441860465116 0.01984126984126984 0.04883720930232558
0 0.36394557823129253 0.8604651162790697 0.010204081632653062 0.07906976744186046
0 0.3421201814058957 0.7 0.023242630385487528 0.05116279069767442
0 0.44075963718820865 0.7383720930232558 0.022108843537414966 0.053488372093023255
0 0.2018140589569161 0.45930232558139533 0.021541950113378686 0.044186046511627906
0 0.4200680272108844 0.7441860465116279 0.01360544217687075 0.04186046511627907
0 0.2094671201814059 0.5186046511627906 0.01870748299319728 0.04186046511627907
0 0.2060657596371882 0.5720930232558139 0.01870748299319728 0.05116279069767442
0 0.24404761904761904 0.5325581395348837 0.016439909297052156 0.04186046511627907
0 0.23696145124716553 0.5790697674418605 0.02380952380952381 0.06046511627906977
0 0.11224489795918367 0.9569767441860465 0.009070294784580499 0.07674418604651162
0 0.27125850340136054 0.5918604651162791 0.022108843537414966 0.04883720930232558
0 0.30130385487528344 0.6 0.017573696145124718 0.04186046511627907
0 0.27380952380952384 0.5348837209302325 0.02380952380952381 0.046511627906976744
0 0.3021541950113379 0.4755813953488372 0.021541950113378686 0.05813953488372093
0 0.358843537414966 0.49534883720930234 0.020408163265306124 0.046511627906976744
0 0.39625850340136054 0.49767441860465117 0.022675736961451247 0.05581395348837209
0 0.4212018140589569 0.5046511627906977 0.015873015873015872 0.04186046511627907
0 0.4501133786848073 0.5069767441860465 0.020408163265306124 0.04186046511627907
0 0.4934807256235828 0.513953488372093 0.023242630385487528 0.046511627906976744
0 0.6901927437641724 0.1686046511627907 0.008503401360544218 0.06744186046511627
0 0.7667233560090703 0.2453488372093023 0.01870748299319728 0.07674418604651162
0 0.6822562358276644 0.805813953488372 0.017573696145124718 0.03953488372093023
0 0.703514739229025 0.805813953488372 0.018140589569160998 0.03953488372093023
0 0.7287414965986395 0.8081395348837209 0.016439909297052156 0.044186046511627906
0 0.7590702947845805 0.8104651162790698 0.022675736961451247 0.044186046511627906
0 0.7857142857142857 0.8151162790697675 0.020408163265306124 0.044186046511627906
0 0.8078231292517007 0.8209302325581396 0.017006802721088437 0.04186046511627907
0 0.9849773242630385 0.5232558139534884 0.017573696145124718 0.046511627906976744
0 0.9625850340136055 0.5197674418604651 0.01927437641723356 0.044186046511627906
0 0.9362244897959184 0.5151162790697674 0.01870748299319728 0.044186046511627906
0 0.9115646258503401 0.5127906976744186 0.017006802721088437 0.044186046511627906
0 0.88718820861678 0.5069767441860465 0.022675736961451247 0.05116279069767442
0 0.858843537414966 0.5034883720930232 0.018140589569160998 0.044186046511627906
0 0.8304988662131519 0.5 0.01927437641723356 0.04186046511627907
0 0.763888888888889 0.49186046511627907 0.017573696145124718 0.044186046511627906
0 0.6238662131519275 0.4848837209302326 0.01870748299319728 0.03953488372093023
0 0.6043083900226758 0.4848837209302326 0.01473922902494331 0.03953488372093023
0 0.5816326530612245 0.47790697674418603 0.021541950113378686 0.053488372093023255
0 0.5555555555555556 0.48023255813953486 0.020408163265306124 0.03953488372093023
0 0.534297052154195 0.47325581395348837 0.013038548752834467 0.044186046511627906
0 0.5130385487528345 0.4686046511627907 0.017006802721088437 0.03488372093023256
0 0.48837868480725627 0.4627906976744186 0.020975056689342405 0.046511627906976744
0 0.4608843537414966 0.45930232558139533 0.01927437641723356 0.044186046511627906
0 0.43679138321995464 0.4569767441860465 0.01870748299319728 0.044186046511627906
0 0.4141156462585034 0.4511627906976744 0.017573696145124718 0.046511627906976744
0 0.38973922902494335 0.4476744186046512 0.016439909297052156 0.044186046511627906
0 0.3673469387755102 0.44302325581395346 0.018140589569160998 0.044186046511627906
0 0.3441043083900227 0.44069767441860463 0.015873015873015872 0.044186046511627906
0 0.3217120181405896 0.43372093023255814 0.017573696145124718 0.03953488372093023
0 0.2568027210884354 0.6965116279069767 0.018140589569160998 0.044186046511627906
