0 0.021258503401360544 0.6058139534883721 0.01984126984126984 0.03953488372093023
0 0.08560090702947847 0.09534883720930232 0.009070294784580499 0.08372093023255814
0 0.4469954648526077 0.6651162790697674 0.01870748299319728 0.037209302325581395
0 0.8319160997732427 0.6593023255813953 0.023242630385487528 0.03953488372093023
0 0.8818027210884354 0.713953488372093 0.022108843537414966 0.04186046511627907
0 0.1989795918367347 0.42093023255813955 0.020408163265306124 0.046511627906976744
0 0.8616780045351474 0.713953488372093 0.011337868480725623 0.03255813953488372
0 0.20748299319727892 0.4720930232558139 0.01927437641723356 0.04186046511627907
0 0.2018140589569161 0.5348837209302325 0.01927437641723356 0.037209302325581395
0 0.24121315192743764 0.4872093023255814 0.016439909297052156 0.03488372093023256
0 0.23299319727891157 0.536046511627907 0.022675736961451247 0.044186046511627906
0 0.1102607709750567 0.936046511627907 0.00963718820861678 0.09069767441860466
0 0.2698412698412698 0.5441860465116279 0.021541950113378686 0.037209302325581395
0 0.29931972789115646 0.5476744186046512 0.017006802721088437 0.03488372093023256
0 0.272108843537415 0.48372093023255813 0.022675736961451247 0.04186046511627907
0 0.3007369614512472 0.42441860465116277 0.022108843537414966 0.044186046511627906
0 0.35714285714285715 0.43488372093023253 0.020408163265306124 0.04186046511627907
0 0.3948412698412698 0.43953488372093025 0.024376417233560092 0.046511627906976744
0 0.4189342403628118 0.4418604651162791 0.01473922902494331 0.04186046511627907
0 0.44869614512471656 0.44302325581395346 0.01984126984126984 0.03953488372093023
0 0.49178004535147396 0.4453488372093023 0.022108843537414966 0.03953488372093023
0 0.687358276643991 0.07209302325581396 0.00963718820861678 0.07441860465116279
0 0.7644557823129252 0.16162790697674417 0.01870748299319728 0.07674418604651162
0 0.6808390022675738 0.7511627906976744 0.018140589569160998 0.037209302325581395
0 0.7023809523809524 0.7523255813953488 0.01927437641723356 0.03953488372093023
0 0.7273242630385488 0.7546511627906977 0.015873015873015872 0.03953488372093023
0 0.7576530612244898 0.7558139534883721 0.023242630385487528 0.037209302325581395
0 0.784297052154195 0.7558139534883721 0.020975056689342405 0.037209302325581395
0 0.8061224489795918 0.7604651162790698 0.017006802721088437 0.037209302325581395
0 0.9370748299319728 0.7697674418604651 0.017006802721088437 0.037209302325581395
0 0.9591836734693878 0.7709302325581395 0.015873015873015872 0.03488372093023256
0 0.9835600907029479 0.43953488372093025 0.01927437641723356 0.03255813953488372
0 0.9608843537414966 0.436046511627907 0.020408163265306124 0.03488372093023256
0 0.9350907029478458 0.43372093023255814 0.01984126984126984 0.03488372093023256
0 0.9098639455782314 0.43023255813953487 0.017006802721088437 0.037209302325581395
0 0.8854875283446713 0.4290697674418605 0.022675736961451247 0.03953488372093023
0 0.856859410430839 0.4290697674418605 0.017573696145124718 0.03488372093023256
0 0.8282312925170068 0.4232558139534884 0.01927437641723356 0.037209302325581395
0 0.7624716553287982 0.41860465116279066 0.018140589569160998 0.03255813953488372
0 0.6218820861678005 0.413953488372093 0.01927437641723356 0.03255813953488372
0 0.6023242630385488 0.41511627906976745 0.016439909297052156 0.03488372093023256
0 0.5796485260770975 0.4116279069767442 0.020975056689342405 0.04186046511627907
0 0.554421768707483 0.40581395348837207 0.01927437641723356 0.03488372093023256
0 0.5328798185941043 0.4011627906976744 0.012471655328798186 0.03488372093023256
0 0.5110544217687075 0.39767441860465114 0.016439909297052156 0.03255813953488372
0 0.48696145124716556 0.39767441860465114 0.020408163265306124 0.037209302325581395
0 0.45918367346938777 0.3941860465116279 0.01927437641723356 0.03488372093023256
0 0.43480725623582767 0.3918604651162791 0.018140589569160998 0.03488372093023256
0 0.4118480725623583 0.3918604651162791 0.016439909297052156 0.03488372093023256
0 0.38860544217687076 0.3895348837209302 0.016439909297052156 0.03488372093023256
0 0.36536281179138325 0.3872093023255814 0.01870748299319728 0.03488372093023256
0 0.3421201814058957 0.38139534883720927 0.015306122448979591 0.03255813953488372
0 0.3197278911564626 0.38139534883720927 0.018140589569160998 0.03255813953488372
0 0.6785714285714286 0.6558139534883721 0.017006802721088437 0.037209302325581395
