0 0.01870748299319728 0.6267441860465116 0.01927437641723356 0.044186046511627906
0 0.3636621315192744 0.8395348837209302 0.00963718820861678 0.07906976744186046
0 0.3914399092970522 0.6965116279069767 0.023242630385487528 0.04883720930232558
0 0.4880952380952381 0.7406976744186047 0.022675736961451247 0.053488372093023255
0 0.20124716553287983 0.45930232558139533 0.022675736961451247 0.04883720930232558
0 0.467687074829932 0.7383720930232558 0.012471655328798186 0.03953488372093023
0 0.20975056689342403 0.5174418604651163 0.018140589569160998 0.044186046511627906
0 0.2066326530612245 0.5732558139534883 0.01984126984126984 0.04883720930232558
0 0.24348072562358278 0.5313953488372093 0.016439909297052156 0.044186046511627906
0 0.23639455782312926 0.5790697674418605 0.022675736961451247 0.05581395348837209
0 0.1116780045351474 0.9569767441860465 0.009070294784580499 0.07674418604651162
0 0.27125850340136054 0.5930232558139534 0.020975056689342405 0.04186046511627907
0 0.3010204081632653 0.5965116279069768 0.018140589569160998 0.044186046511627906
0 0.27352607709750565 0.5313953488372093 0.023242630385487528 0.044186046511627906
0 0.30187074829931976 0.4720930232558139 0.020975056689342405 0.05581395348837209
0 0.35827664399092973 0.49186046511627907 0.020408163265306124 0.044186046511627906
0 0.39625850340136054 0.49534883720930234 0.02380952380952381 0.05581395348837209
0 0.41978458049886624 0.5011627906976744 0.015306122448979591 0.03953488372093023
0 0.449546485260771 0.5034883720930232 0.020408163265306124 0.03953488372093023
0 0.49263038548752835 0.5093023255813953 0.022675736961451247 0.046511627906976744
0 0.6899092970521542 0.16162790697674417 0.009070294784580499 0.06744186046511627
0 0.7664399092970522 0.23953488372093024 0.018140589569160998 0.07441860465116279
0 0.6822562358276644 0.8023255813953488 0.017573696145124718 0.04186046511627907
0 0.7029478458049887 0.8034883720930233 0.018140589569160998 0.03953488372093023
0 0.7287414965986395 0.8046511627906977 0.016439909297052156 0.046511627906976744
0 0.7587868480725624 0.8046511627906977 0.023242630385487528 0.046511627906976744
0 0.7857142857142857 0.8116279069767441 0.021541950113378686 0.04186046511627907
0 0.8078231292517007 0.8162790697674418 0.017006802721088437 0.04186046511627907
0 0.9849773242630385 0.5174418604651163 0.01870748299319728 0.03953488372093023
0 0.9631519274376418 0.5116279069767442 0.020408163265306124 0.046511627906976744
0 0.9362244897959184 0.5093023255813953 0.01870748299319728 0.04186046511627907
0 0.9115646258503401 0.5069767441860465 0.017006802721088437 0.04186046511627907
0 0.88718820861678 0.5 0.021541950113378686 0.05116279069767442
0 0.8585600907029479 0.49883720930232556 0.017573696145124718 0.03953488372093023
0 0.8304988662131519 0.49534883720930234 0.020408163265306124 0.04186046511627907
0 0.764172335600907 0.4848837209302326 0.018140589569160998 0.044186046511627906
0 0.6232993197278912 0.48023255813953486 0.01870748299319728 0.03953488372093023
0 0.6043083900226758 0.4790697674418605 0.015873015873015872 0.04186046511627907
0 0.5816326530612245 0.4720930232558139 0.021541950113378686 0.05116279069767442
0 0.5555555555555556 0.4755813953488372 0.020408163265306124 0.03953488372093023
0 0.5348639455782314 0.4686046511627907 0.013038548752834467 0.03953488372093023
0 0.5130385487528345 0.463953488372093 0.017006802721088437 0.03953488372093023
0 0.48837868480725627 0.4604651162790698 0.01984126984126984 0.046511627906976744
0 0.4608843537414966 0.4569767441860465 0.01927437641723356 0.03953488372093023
0 0.43594104308390025 0.45348837209302323 0.01927437641723356 0.04186046511627907
0 0.4135487528344671 0.45 0.017573696145124718 0.044186046511627906
0 0.3888888888888889 0.4453488372093023 0.015873015873015872 0.044186046511627906
0 0.3664965986394558 0.4418604651162791 0.017573696145124718 0.04186046511627907
0 0.3435374149659864 0.436046511627907 0.015873015873015872 0.044186046511627906
0 0.32142857142857145 0.4313953488372093 0.017006802721088437 0.03953488372093023
0 0.2996031746031746 0.7 0.017573696145124718 0.046511627906976744
