0 0.01899092970521542 0.6302325581395348 0.01984126984126984 0.046511627906976744
0 0.36394557823129253 0.9093023255813953 0.01360544217687075 0.07441860465116279
0 0.27409297052154197 0.7046511627906976 0.024376417233560092 0.05116279069767442
0 0.3735827664399093 0.7534883720930232 0.022675736961451247 0.05581395348837209
0 0.20209750566893425 0.46744186046511627 0.023242630385487528 0.046511627906976744
0 0.35289115646258506 0.7558139534883721 0.013038548752834467 0.04186046511627907
0 0.21060090702947845 0.5244186046511627 0.01870748299319728 0.04883720930232558
0 0.20691609977324263 0.5813953488372093 0.01927437641723356 0.05116279069767442
0 0.2443310657596372 0.5406976744186046 0.015873015873015872 0.044186046511627906
0 0.23696145124716553 0.5883720930232558 0.02380952380952381 0.06046511627906977
0 0.27182539682539686 0.6011627906976744 0.020975056689342405 0.04883720930232558
0 0.30130385487528344 0.6116279069767442 0.017573696145124718 0.04186046511627907
0 0.27465986394557823 0.5430232558139535 0.023242630385487528 0.044186046511627906
0 0.3035714285714286 0.48372093023255813 0.020975056689342405 0.05581395348837209
0 0.358843537414966 0.5046511627906977 0.020408163265306124 0.046511627906976744
0 0.39654195011337867 0.5081395348837209 0.022108843537414966 0.053488372093023255
0 0.42091836734693877 0.5116279069767442 0.015306122448979591 0.04186046511627907
0 0.45096371882086167 0.5174418604651163 0.020975056689342405 0.044186046511627906
0 0.49404761904761907 0.5232558139534884 0.022108843537414966 0.046511627906976744
0 0.6910430839002267 0.18488372093023256 0.009070294784580499 0.06744186046511627
0 0.7667233560090703 0.26046511627906976 0.017573696145124718 0.07906976744186046
0 0.6831065759637188 0.813953488372093 0.018140589569160998 0.046511627906976744
0 0.7040816326530612 0.8162790697674418 0.018140589569160998 0.04186046511627907
0 0.7293083900226758 0.8186046511627907 0.016439909297052156 0.04186046511627907
0 0.7599206349206349 0.8186046511627907 0.022108843537414966 0.046511627906976744
0 0.786281179138322 0.8255813953488372 0.020408163265306124 0.04186046511627907
0 0.808390022675737 0.8325581395348837 0.017006802721088437 0.04186046511627907
0 0.985827664399093 0.5372093023255814 0.018140589569160998 0.046511627906976744
0 0.9634353741496599 0.5325581395348837 0.01984126984126984 0.046511627906976744
0 0.9367913832199547 0.5290697674418604 0.01984126984126984 0.044186046511627906
0 0.9124149659863946 0.5255813953488372 0.016439909297052156 0.046511627906976744
0 0.8877551020408163 0.5186046511627906 0.021541950113378686 0.05581395348837209
0 0.8594104308390023 0.5186046511627906 0.017006802721088437 0.04186046511627907
0 0.8307823129251701 0.5151162790697674 0.01984126984126984 0.044186046511627906
0 0.7650226757369615 0.5034883720930232 0.01870748299319728 0.044186046511627906
0 0.6241496598639455 0.4965116279069767 0.01927437641723356 0.03953488372093023
0 0.6045918367346939 0.4965116279069767 0.016439909297052156 0.044186046511627906
0 0.5821995464852607 0.4883720930232558 0.020408163265306124 0.05581395348837209
0 0.55640589569161 0.49302325581395345 0.01984126984126984 0.037209302325581395
0 0.5351473922902494 0.48372093023255813 0.01360544217687075 0.04186046511627907
0 0.513888888888889 0.4813953488372093 0.016439909297052156 0.04186046511627907
0 0.48922902494331066 0.47674418604651164 0.020408163265306124 0.046511627906976744
0 0.4614512471655329 0.4697674418604651 0.01927437641723356 0.04186046511627907
0 0.43735827664399096 0.4686046511627907 0.01870748299319728 0.03953488372093023
0 0.4141156462585034 0.4627906976744186 0.017573696145124718 0.04186046511627907
0 0.3903061224489796 0.45813953488372094 0.015306122448979591 0.04186046511627907
0 0.36763038548752835 0.45348837209302323 0.017573696145124718 0.04186046511627907
0 0.34467120181405897 0.45 0.015873015873015872 0.044186046511627906
0 0.32227891156462585 0.44302325581395346 0.017573696145124718 0.044186046511627906
0 0.19869614512471656 0.6930232558139535 0.017573696145124718 0.05116279069767442
