0 0.017290249433106575 0.6186046511627907 0.01984126984126984 0.04186046511627907
0 0.08560090702947847 0.08023255813953488 0.009070294784580499 0.09069767441860466
0 0.38973922902494335 0.6965116279069767 0.01870748299319728 0.04883720930232558
0 0.6397392290249433 0.6755813953488372 0.022108843537414966 0.03953488372093023
0 0.7219387755102041 0.727906976744186 0.022108843537414966 0.04186046511627907
0 0.20153061224489796 0.4418604651162791 0.023242630385487528 0.05116279069767442
0 0.7012471655328798 0.727906976744186 0.012471655328798186 0.03255813953488372
0 0.20861678004535147 0.49302325581395345 0.018140589569160998 0.04186046511627907
0 0.20493197278911565 0.5534883720930233 0.01984126984126984 0.037209302325581395
0 0.24178004535147393 0.5116279069767442 0.016439909297052156 0.037209302325581395
0 0.23497732426303855 0.5604651162790698 0.023242630385487528 0.046511627906976744
0 0.11082766439909297 0.9511627906976744 0.00963718820861678 0.08837209302325581
0 0.270124716553288 0.5697674418604651 0.020975056689342405 0.04186046511627907
0 0.2998866213151927 0.5720930232558139 0.018140589569160998 0.037209302325581395
0 0.2732426303854875 0.5093023255813953 0.024943310657596373 0.046511627906976744
0 0.30158730158730157 0.44883720930232557 0.021541950113378686 0.046511627906976744
0 0.3577097505668934 0.46162790697674416 0.020408163265306124 0.044186046511627906
0 0.3948412698412698 0.46511627906976744 0.023242630385487528 0.05116279069767442
0 0.4192176870748299 0.4697674418604651 0.015306122448979591 0.037209302325581395
0 0.4492630385487528 0.47093023255813954 0.01984126984126984 0.03953488372093023
0 0.49178004535147396 0.47674418604651164 0.020975056689342405 0.04186046511627907
0 0.6887755102040817 0.11046511627906977 0.009070294784580499 0.07209302325581396
0 0.7653061224489797 0.19534883720930232 0.018140589569160998 0.07906976744186046
0 0.6816893424036281 0.7744186046511627 0.017573696145124718 0.037209302325581395
0 0.7029478458049887 0.7732558139534884 0.018140589569160998 0.03488372093023256
0 0.7281746031746031 0.7779069767441861 0.016439909297052156 0.03953488372093023
0 0.7582199546485261 0.7767441860465116 0.022108843537414966 0.037209302325581395
0 0.7851473922902494 0.7802325581395348 0.020408163265306124 0.03488372093023256
0 0.8072562358276644 0.786046511627907 0.017006802721088437 0.037209302325581395
0 0.9382086167800454 0.7988372093023256 0.017006802721088437 0.03953488372093023
0 0.9846938775510204 0.47325581395348837 0.018140589569160998 0.03488372093023256
0 0.9623015873015873 0.47093023255813954 0.01984126984126984 0.03488372093023256
0 0.9356575963718821 0.4686046511627907 0.01870748299319728 0.03488372093023256
0 0.9109977324263039 0.4627906976744186 0.017006802721088437 0.037209302325581395
0 0.8866213151927438 0.4604651162790698 0.021541950113378686 0.046511627906976744
0 0.8579931972789115 0.45813953488372094 0.016439909297052156 0.037209302325581395
0 0.8293650793650794 0.45465116279069767 0.020408163265306124 0.03953488372093023
0 0.7636054421768708 0.44883720930232557 0.018140589569160998 0.03255813953488372
0 0.6224489795918368 0.44302325581395346 0.01927437641723356 0.03488372093023256
0 0.6031746031746031 0.44302325581395346 0.015873015873015872 0.03488372093023256
0 0.5804988662131519 0.4383720930232558 0.020408163265306124 0.044186046511627906
0 0.5547052154195011 0.43953488372093025 0.01984126984126984 0.037209302325581395
0 0.5334467120181406 0.43488372093023253 0.012471655328798186 0.037209302325581395
0 0.5116213151927438 0.4325581395348837 0.017573696145124718 0.037209302325581395
0 0.48781179138321995 0.42790697674418604 0.01984126984126984 0.037209302325581395
0 0.45975056689342403 0.4255813953488372 0.01927437641723356 0.037209302325581395
0 0.4350907029478458 0.42093023255813955 0.01870748299319728 0.037209302325581395
0 0.41241496598639454 0.41860465116279066 0.017573696145124718 0.037209302325581395
0 0.3888888888888889 0.41860465116279066 0.015873015873015872 0.037209302325581395
0 0.3659297052154195 0.413953488372093 0.01870748299319728 0.037209302325581395
0 0.342687074829932 0.40930232558139534 0.015306122448979591 0.037209302325581395
0 0.320578231292517 0.40581395348837207 0.01870748299319728 0.03488372093023256
0 0.5144557823129252 0.6755813953488372 0.017573696145124718 0.03953488372093023
