0 0.01984126984126984 0.6267441860465116 0.01927437641723356 0.04883720930232558
0 0.3647959183673469 0.8755813953488372 0.00963718820861678 0.08139534883720931
0 0.3197278911564626 0.7011627906976744 0.02380952380952381 0.053488372093023255
0 0.41865079365079366 0.7441860465116279 0.022108843537414966 0.05116279069767442
0 0.20266439909297052 0.45813953488372094 0.022108843537414966 0.046511627906976744
0 0.39767573696145125 0.7465116279069768 0.013038548752834467 0.04186046511627907
0 0.2108843537414966 0.5186046511627906 0.018140589569160998 0.04186046511627907
0 0.20691609977324263 0.5744186046511628 0.01927437641723356 0.05581395348837209
0 0.24461451247165533 0.5348837209302325 0.016439909297052156 0.046511627906976744
0 0.2372448979591837 0.5813953488372093 0.023242630385487528 0.05581395348837209
0 0.1130952380952381 0.9569767441860465 0.008503401360544218 0.07674418604651162
0 0.272108843537415 0.5953488372093023 0.021541950113378686 0.046511627906976744
0 0.30158730158730157 0.6011627906976744 0.017006802721088437 0.044186046511627906
0 0.2743764172335601 0.536046511627907 0.02380952380952381 0.04883720930232558
0 0.3032879818594104 0.47790697674418603 0.021541950113378686 0.05813953488372093
0 0.35941043083900226 0.49767441860465117 0.020408163265306124 0.046511627906976744
0 0.3973922902494331 0.5 0.022675736961451247 0.05116279069767442
0 0.4214852607709751 0.5069767441860465 0.015306122448979591 0.04186046511627907
0 0.45068027210884354 0.5104651162790698 0.021541950113378686 0.044186046511627906
0 0.49376417233560094 0.5174418604651163 0.022675736961451247 0.04883720930232558
0 0.6907596371882087 0.17325581395348838 0.00963718820861678 0.06744186046511627
0 0.7675736961451247 0.24883720930232558 0.01927437641723356 0.07906976744186046
0 0.683390022675737 0.805813953488372 0.017573696145124718 0.044186046511627906
0 0.7046485260770975 0.8069767441860465 0.018140589569160998 0.04186046511627907
0 0.7295918367346939 0.8093023255813954 0.015873015873015872 0.046511627906976744
0 0.7599206349206349 0.8104651162790698 0.022108843537414966 0.044186046511627906
0 0.7868480725623583 0.8174418604651162 0.020408163265306124 0.044186046511627906
0 0.8086734693877551 0.8220930232558139 0.017573696145124718 0.044186046511627906
0 0.9861111111111112 0.5279069767441861 0.01870748299319728 0.046511627906976744
0 0.9634353741496599 0.522093023255814 0.01984126984126984 0.044186046511627906
0 0.937358276643991 0.5186046511627906 0.01870748299319728 0.046511627906976744
0 0.9129818594104309 0.5151162790697674 0.016439909297052156 0.044186046511627906
0 0.8877551020408163 0.5093023255813953 0.021541950113378686 0.05116279069767442
0 0.8594104308390023 0.5081395348837209 0.018140589569160998 0.044186046511627906
0 0.8310657596371882 0.5058139534883721 0.01927437641723356 0.03953488372093023
0 0.7650226757369615 0.49534883720930234 0.01870748299319728 0.046511627906976744
0 0.6247165532879819 0.4872093023255814 0.01927437641723356 0.03953488372093023
0 0.6051587301587302 0.48604651162790696 0.015306122448979591 0.04186046511627907
0 0.5824829931972789 0.4790697674418605 0.022108843537414966 0.05116279069767442
0 0.5566893424036281 0.4825581395348837 0.020408163265306124 0.03953488372093023
0 0.5354308390022676 0.4755813953488372 0.013038548752834467 0.044186046511627906
0 0.513888888888889 0.4720930232558139 0.016439909297052156 0.037209302325581395
0 0.48922902494331066 0.4662790697674419 0.020408163265306124 0.04883720930232558
0 0.4620181405895692 0.46162790697674416 0.01927437641723356 0.044186046511627906
0 0.4376417233560091 0.45930232558139533 0.018140589569160998 0.03953488372093023
0 0.4143990929705216 0.45348837209302323 0.018140589569160998 0.046511627906976744
0 0.39087301587301587 0.4511627906976744 0.016439909297052156 0.046511627906976744
0 0.3679138321995465 0.4476744186046512 0.018140589569160998 0.03953488372093023
0 0.3449546485260771 0.4418604651162791 0.015306122448979591 0.046511627906976744
0 0.32227891156462585 0.4372093023255814 0.017573696145124718 0.04186046511627907
0 0.2366780045351474 0.6953488372093023 0.017573696145124718 0.046511627906976744
