0 0.017857142857142856 0.6186046511627907 0.01984126984126984 0.04186046511627907
0 0.08560090702947847 0.04534883720930233 0.010204081632653062 0.09069767441860466
0 0.37585034013605445 0.7197674418604652 0.018140589569160998 0.07209302325581396
0 0.5796485260770975 0.677906976744186 0.023242630385487528 0.03953488372093023
0 0.6680839002267573 0.7267441860465116 0.022108843537414966 0.03953488372093023
0 0.20124716553287983 0.4418604651162791 0.021541950113378686 0.046511627906976744
0 0.6471088435374149 0.727906976744186 0.011904761904761906 0.03255813953488372
0 0.2094671201814059 0.4965116279069767 0.01984126984126984 0.044186046511627906
0 0.20521541950113378 0.5546511627906977 0.01927437641723356 0.03953488372093023
0 0.24263038548752835 0.5104651162790698 0.015873015873015872 0.03953488372093023
0 0.23526077097505668 0.5604651162790698 0.022675736961451247 0.046511627906976744
0 0.11082766439909297 0.95 0.00963718820861678 0.08604651162790697
0 0.2706916099773243 0.5697674418604651 0.020975056689342405 0.037209302325581395
0 0.3001700680272109 0.5720930232558139 0.017573696145124718 0.04186046511627907
0 0.27380952380952384 0.5104651162790698 0.02380952380952381 0.044186046511627906
0 0.30158730158730157 0.45 0.021541950113378686 0.04883720930232558
0 0.35856009070294786 0.4662790697674419 0.020975056689342405 0.044186046511627906
0 0.3959750566893424 0.46744186046511627 0.023242630385487528 0.05116279069767442
0 0.4200680272108844 0.4744186046511628 0.015873015873015872 0.037209302325581395
0 0.449546485260771 0.4755813953488372 0.020408163265306124 0.03953488372093023
0 0.4920634920634921 0.48023255813953486 0.021541950113378686 0.044186046511627906
0 0.6890589569160998 0.11976744186046512 0.00963718820861678 0.07209302325581396
0 0.7655895691609977 0.20232558139534884 0.017573696145124718 0.07441860465116279
0 0.6822562358276644 0.7779069767441861 0.017573696145124718 0.03953488372093023
0 0.703514739229025 0.7790697674418604 0.018140589569160998 0.037209302325581395
0 0.7284580498866213 0.7790697674418604 0.017006802721088437 0.04186046511627907
0 0.7590702947845805 0.7802325581395348 0.022675736961451247 0.03953488372093023
0 0.7854308390022676 0.786046511627907 0.020975056689342405 0.037209302325581395
0 0.8072562358276644 0.7895348837209302 0.018140589569160998 0.03953488372093023
0 0.9382086167800454 0.8034883720930233 0.018140589569160998 0.03953488372093023
0 0.9846938775510204 0.4813953488372093 0.018140589569160998 0.037209302325581395
0 0.9625850340136055 0.47790697674418603 0.020408163265306124 0.03488372093023256
0 0.9359410430839002 0.4744186046511628 0.01927437641723356 0.037209302325581395
0 0.9112811791383221 0.4697674418604651 0.017573696145124718 0.037209302325581395
0 0.88718820861678 0.4662790697674419 0.021541950113378686 0.04883720930232558
0 0.8579931972789115 0.46511627906976744 0.017573696145124718 0.037209302325581395
0 0.8299319727891157 0.4604651162790698 0.020408163265306124 0.037209302325581395
0 0.7633219954648526 0.45232558139534884 0.01870748299319728 0.03953488372093023
0 0.622732426303855 0.4476744186046512 0.01870748299319728 0.03488372093023256
0 0.6037414965986395 0.44883720930232557 0.015873015873015872 0.037209302325581395
0 0.5810657596371882 0.4418604651162791 0.021541950113378686 0.046511627906976744
0 0.5549886621315193 0.4441860465116279 0.020408163265306124 0.037209302325581395
0 0.5337301587301587 0.43953488372093025 0.013038548752834467 0.037209302325581395
0 0.5124716553287982 0.43488372093023253 0.017006802721088437 0.037209302325581395
0 0.4880952380952381 0.4325581395348837 0.020408163265306124 0.04186046511627907
0 0.4600340136054422 0.4290697674418605 0.01870748299319728 0.03488372093023256
0 0.4356575963718821 0.4255813953488372 0.01870748299319728 0.037209302325581395
0 0.413265306122449 0.4232558139534884 0.017006802721088437 0.037209302325581395
0 0.3888888888888889 0.4197674418604651 0.015873015873015872 0.03953488372093023
0 0.36621315192743764 0.4174418604651163 0.018140589569160998 0.03953488372093023
0 0.34325396825396826 0.4127906976744186 0.015306122448979591 0.03953488372093023
0 0.32142857142857145 0.4081395348837209 0.017006802721088437 0.03953488372093023
0 0.4623015873015873 0.6767441860465117 0.016439909297052156 0.037209302325581395
