0 0.017857142857142856 0.6023255813953489 0.01870748299319728 0.04186046511627907
0 0.08503401360544217 0.08953488372093023 0.009070294784580499 0.08604651162790697
0 0.4350907029478458 0.6697674418604651 0.01870748299319728 0.037209302325581395
0 0.7967687074829932 0.6569767441860465 0.023242630385487528 0.03953488372093023
0 0.8537414965986395 0.7116279069767442 0.022675736961451247 0.04186046511627907
0 0.19841269841269843 0.41627906976744183 0.020408163265306124 0.046511627906976744
0 0.8336167800453514 0.7116279069767442 0.011904761904761906 0.03255813953488372
0 0.20748299319727892 0.4697674418604651 0.01927437641723356 0.04186046511627907
0 0.20209750566893425 0.5302325581395348 0.01984126984126984 0.037209302325581395
0 0.24121315192743764 0.4825581395348837 0.017573696145124718 0.03488372093023256
0 0.23299319727891157 0.5337209302325582 0.021541950113378686 0.044186046511627906
0 0.1096938775510204 0.9302325581395349 0.00963718820861678 0.08837209302325581
0 0.26899092970521543 0.5406976744186046 0.020975056689342405 0.03488372093023256
0 0.2987528344671202 0.5441860465116279 0.017006802721088437 0.037209302325581395
0 0.27182539682539686 0.4813953488372093 0.023242630385487528 0.04186046511627907
0 0.3001700680272109 0.42093023255813955 0.020975056689342405 0.04186046511627907
0 0.35629251700680276 0.43953488372093025 0.020975056689342405 0.037209302325581395
0 0.39342403628117917 0.44302325581395346 0.022675736961451247 0.044186046511627906
0 0.41780045351473927 0.4476744186046512 0.01473922902494331 0.03953488372093023
0 0.447562358276644 0.4476744186046512 0.01984126984126984 0.03953488372093023
0 0.49036281179138325 0.45 0.021541950113378686 0.03953488372093023
0 0.687358276643991 0.07441860465116279 0.00963718820861678 0.07441860465116279
0 0.7644557823129252 0.16279069767441862 0.01870748299319728 0.07906976744186046
0 0.6802721088435374 0.7511627906976744 0.018140589569160998 0.037209302325581395
0 0.7018140589569161 0.7511627906976744 0.018140589569160998 0.037209302325581395
0 0.7267573696145125 0.7546511627906977 0.015873015873015872 0.03953488372093023
0 0.7565192743764173 0.7546511627906977 0.023242630385487528 0.03953488372093023
0 0.7834467120181406 0.7558139534883721 0.020408163265306124 0.037209302325581395
0 0.8052721088435374 0.7604651162790698 0.017573696145124718 0.037209302325581395
0 0.9367913832199547 0.7686046511627906 0.017573696145124718 0.03953488372093023
0 0.9586167800453514 0.7697674418604651 0.015873015873015872 0.03255813953488372
0 0.9827097505668935 0.44069767441860463 0.01870748299319728 0.03488372093023256
0 0.9606009070294785 0.436046511627907 0.01984126984126984 0.03488372093023256
0 0.9342403628117915 0.43372093023255814 0.01927437641723356 0.03488372093023256
0 0.9090136054421769 0.43023255813953487 0.017573696145124718 0.037209302325581395
0 0.8852040816326531 0.42790697674418604 0.022108843537414966 0.04186046511627907
0 0.8560090702947846 0.42790697674418604 0.015873015873015872 0.03255813953488372
0 0.8276643990929705 0.42441860465116277 0.020408163265306124 0.03953488372093023
0 0.761904761904762 0.4197674418604651 0.018140589569160998 0.03488372093023256
0 0.621031746031746 0.41627906976744183 0.01870748299319728 0.03255813953488372
0 0.6020408163265306 0.41627906976744183 0.017006802721088437 0.037209302325581395
0 0.5793650793650794 0.4104651162790698 0.021541950113378686 0.044186046511627906
0 0.5530045351473923 0.4104651162790698 0.01984126984126984 0.03488372093023256
0 0.5317460317460317 0.4069767441860465 0.012471655328798186 0.03255813953488372
0 0.5102040816326531 0.4046511627906977 0.017006802721088437 0.03255813953488372
0 0.4861111111111111 0.40348837209302324 0.01984126984126984 0.03488372093023256
0 0.4580498866213152 0.4011627906976744 0.01927437641723356 0.03488372093023256
0 0.43395691609977327 0.39767441860465114 0.01870748299319728 0.037209302325581395
0 0.4109977324263039 0.39651162790697675 0.017006802721088437 0.03488372093023256
0 0.3874716553287982 0.3953488372093023 0.016439909297052156 0.037209302325581395
0 0.3645124716553288 0.3918604651162791 0.018140589569160998 0.03488372093023256
0 0.34098639455782315 0.3872093023255814 0.015306122448979591 0.03488372093023256
0 0.3191609977324263 0.3825581395348837 0.018140589569160998 0.03488372093023256
0 0.6505102040816326 0.6546511627906977 0.017573696145124718 0.03488372093023256
