0 0.017290249433106575 0.6186046511627907 0.01984126984126984 0.046511627906976744
0 0.3630952380952381 0.8197674418604651 0.010770975056689343 0.08139534883720931
0 0.41581632653061223 0.6825581395348838 0.023242630385487528 0.044186046511627906
0 0.51218820861678 0.7290697674418605 0.022108843537414966 0.04883720930232558
0 0.2003968253968254 0.4476744186046512 0.022108843537414966 0.04883720930232558
0 0.4914965986394558 0.7290697674418605 0.012471655328798186 0.03953488372093023
0 0.20918367346938777 0.5046511627906977 0.01927437641723356 0.04186046511627907
0 0.20521541950113378 0.5593023255813954 0.01927437641723356 0.044186046511627906
0 0.24263038548752835 0.5186046511627906 0.017006802721088437 0.04186046511627907
0 0.23526077097505668 0.5674418604651162 0.022675736961451247 0.05581395348837209
0 0.11082766439909297 0.9511627906976744 0.00963718820861678 0.08837209302325581
0 0.2698412698412698 0.5790697674418605 0.021541950113378686 0.04186046511627907
0 0.2998866213151927 0.5848837209302326 0.017006802721088437 0.03953488372093023
0 0.27267573696145125 0.5186046511627906 0.02380952380952381 0.046511627906976744
0 0.30158730158730157 0.4604651162790698 0.021541950113378686 0.05581395348837209
0 0.35714285714285715 0.47790697674418603 0.021541950113378686 0.044186046511627906
0 0.39540816326530615 0.48023255813953486 0.023242630385487528 0.053488372093023255
0 0.4192176870748299 0.4883720930232558 0.015306122448979591 0.04186046511627907
0 0.44869614512471656 0.4906976744186046 0.01984126984126984 0.04186046511627907
0 0.4920634920634921 0.4965116279069767 0.021541950113378686 0.044186046511627906
0 0.6890589569160998 0.14651162790697675 0.008503401360544218 0.06511627906976744
0 0.7658730158730159 0.2255813953488372 0.018140589569160998 0.07441860465116279
0 0.6816893424036281 0.7895348837209302 0.017573696145124718 0.03953488372093023
0 0.7026643990929705 0.7895348837209302 0.01870748299319728 0.03953488372093023
0 0.7278911564625851 0.7930232558139535 0.015873015873015872 0.04186046511627907
0 0.7582199546485261 0.7941860465116279 0.022108843537414966 0.044186046511627906
0 0.7851473922902494 0.7988372093023256 0.021541950113378686 0.044186046511627906
0 0.8072562358276644 0.8046511627906977 0.017006802721088437 0.037209302325581395
0 0.9350907029478458 0.8186046511627907 0.020975056689342405 0.037209302325581395
0 0.983843537414966 0.5023255813953489 0.01870748299319728 0.04186046511627907
0 0.9620181405895691 0.49767441860465117 0.020408163265306124 0.04186046511627907
0 0.935374149659864 0.49534883720930234 0.01927437641723356 0.04186046511627907
0 0.9109977324263039 0.49186046511627907 0.017006802721088437 0.03953488372093023
0 0.8863378684807256 0.48604651162790696 0.022108843537414966 0.05116279069767442
0 0.8577097505668935 0.48372093023255813 0.017006802721088437 0.04186046511627907
0 0.8293650793650794 0.4813953488372093 0.020408163265306124 0.04186046511627907
0 0.7630385487528345 0.47325581395348837 0.01927437641723356 0.044186046511627906
0 0.6224489795918368 0.4662790697674419 0.018140589569160998 0.03953488372093023
0 0.6037414965986395 0.46511627906976744 0.015873015873015872 0.04186046511627907
0 0.5807823129251701 0.45930232558139533 0.020975056689342405 0.053488372093023255
0 0.5547052154195011 0.4627906976744186 0.01984126984126984 0.037209302325581395
0 0.5337301587301587 0.45581395348837206 0.013038548752834467 0.037209302325581395
0 0.511904761904762 0.4511627906976744 0.017006802721088437 0.037209302325581395
0 0.48781179138321995 0.44651162790697674 0.020975056689342405 0.046511627906976744
0 0.45975056689342403 0.44302325581395346 0.01927437641723356 0.03953488372093023
0 0.4350907029478458 0.43953488372093025 0.01870748299319728 0.04186046511627907
0 0.41269841269841273 0.43488372093023253 0.018140589569160998 0.04186046511627907
0 0.38832199546485263 0.4313953488372093 0.015873015873015872 0.044186046511627906
0 0.36536281179138325 0.4290697674418605 0.017573696145124718 0.03953488372093023
0 0.34325396825396826 0.42441860465116277 0.015306122448979591 0.044186046511627906
0 0.32086167800453513 0.41860465116279066 0.017006802721088437 0.04186046511627907
0 0.320578231292517 0.6883720930232557 0.017573696145124718 0.04186046511627907
