0 0.01984126984126984 0.6337209302325582 0.01927437641723356 0.044186046511627906
0 0.2534013605442177 0.7093023255813954 0.02380952380952381 0.05116279069767442
0 0.2032312925170068 0.47325581395348837 0.023242630385487528 0.044186046511627906
0 0.33049886621315194 0.7593023255813953 0.01360544217687075 0.044186046511627906
0 0.21145124716553287 0.5290697674418604 0.01927437641723356 0.04883720930232558
0 0.20833333333333334 0.5872093023255814 0.01984126984126984 0.053488372093023255
0 0.24546485260770975 0.5476744186046512 0.018140589569160998 0.044186046511627906
0 0.23837868480725624 0.5941860465116279 0.024376417233560092 0.05813953488372093
0 0.2723922902494331 0.6069767441860465 0.020975056689342405 0.05116279069767442
0 0.3021541950113379 0.6162790697674418 0.017006802721088437 0.04186046511627907
0 0.2752267573696145 0.5488372093023256 0.023242630385487528 0.046511627906976744
0 0.3602607709750567 0.5127906976744186 0.01984126984126984 0.044186046511627906
0 0.3973922902494331 0.5151162790697674 0.022675736961451247 0.053488372093023255
0 0.42205215419501135 0.5197674418604651 0.015306122448979591 0.03953488372093023
0 0.45124716553287986 0.5255813953488372 0.01927437641723356 0.046511627906976744
0 0.49461451247165533 0.5302325581395348 0.022108843537414966 0.046511627906976744
0 0.6913265306122449 0.1930232558139535 0.008503401360544218 0.06511627906976744
0 0.7678571428571429 0.2686046511627907 0.01870748299319728 0.07674418604651162
0 0.683390022675737 0.8209302325581396 0.017573696145124718 0.04186046511627907
0 0.7046485260770975 0.8232558139534883 0.018140589569160998 0.04186046511627907
0 0.7295918367346939 0.8267441860465116 0.017006802721088437 0.03953488372093023
0 0.7599206349206349 0.8267441860465116 0.022108843537414966 0.044186046511627906
0 0.7868480725623583 0.8337209302325581 0.020408163265306124 0.03953488372093023
0 0.8089569160997733 0.8395348837209302 0.017006802721088437 0.04186046511627907
0 0.9861111111111112 0.5476744186046512 0.017573696145124718 0.044186046511627906
0 0.963718820861678 0.5430232558139535 0.020408163265306124 0.044186046511627906
0 0.9376417233560091 0.5383720930232558 0.01927437641723356 0.03953488372093023
0 0.9129818594104309 0.5337209302325582 0.016439909297052156 0.044186046511627906
0 0.8883219954648526 0.5267441860465116 0.021541950113378686 0.053488372093023255
0 0.8594104308390023 0.5267441860465116 0.017006802721088437 0.044186046511627906
0 0.8313492063492064 0.5232558139534884 0.01984126984126984 0.04186046511627907
0 0.7655895691609977 0.5127906976744186 0.01870748299319728 0.044186046511627906
0 0.6252834467120182 0.5046511627906977 0.01927437641723356 0.04186046511627907
0 0.6057256235827665 0.5034883720930232 0.016439909297052156 0.03953488372093023
0 0.5830498866213152 0.4965116279069767 0.020975056689342405 0.053488372093023255
0 0.5572562358276644 0.5 0.020408163265306124 0.04186046511627907
0 0.536281179138322 0.49302325581395345 0.012471655328798186 0.037209302325581395
0 0.5144557823129252 0.4883720930232558 0.016439909297052156 0.037209302325581395
0 0.4895124716553288 0.48372093023255813 0.01984126984126984 0.046511627906976744
0 0.461734693877551 0.47674418604651164 0.01984126984126984 0.04186046511627907
0 0.43735827664399096 0.4720930232558139 0.01870748299319728 0.04186046511627907
0 0.41496598639455784 0.47093023255813954 0.017006802721088437 0.03953488372093023
0 0.391156462585034 0.46744186046511627 0.017006802721088437 0.04186046511627907
0 0.3681972789115646 0.4604651162790698 0.017573696145124718 0.04186046511627907
0 0.34523809523809523 0.45465116279069767 0.01473922902494331 0.044186046511627906
0 0.3231292517006803 0.45 0.017006802721088437 0.044186046511627906
0 0.18168934240362813 0.6906976744186046 0.01870748299319728 0.05581395348837209
