0 0.017857142857142856 0.6290697674418605 0.01984126984126984 0.044186046511627906
0 0.3636621315192744 0.8209302325581396 0.010770975056689343 0.07906976744186046
0 0.4421768707482993 0.6918604651162791 0.022675736961451247 0.044186046511627906
0 0.5371315192743764 0.7406976744186047 0.022108843537414966 0.04883720930232558
0 0.20096371882086167 0.45581395348837206 0.022108843537414966 0.046511627906976744
0 0.5164399092970522 0.741860465116279 0.011337868480725623 0.03255813953488372
0 0.20890022675736963 0.5151162790697674 0.01870748299319728 0.044186046511627906
0 0.20549886621315194 0.5697674418604651 0.01984126984126984 0.046511627906976744
0 0.24263038548752835 0.5302325581395348 0.017006802721088437 0.04186046511627907
0 0.23526077097505668 0.5767441860465117 0.022675736961451247 0.05581395348837209
0 0.11111111111111112 0.9558139534883721 0.009070294784580499 0.07906976744186046
0 0.270124716553288 0.5895348837209302 0.020975056689342405 0.044186046511627906
0 0.30045351473922904 0.5930232558139534 0.018140589569160998 0.04186046511627907
0 0.2729591836734694 0.5290697674418604 0.022108843537414966 0.044186046511627906
0 0.30158730158730157 0.47093023255813954 0.021541950113378686 0.053488372093023255
0 0.3574263038548753 0.4883720930232558 0.020975056689342405 0.04186046511627907
0 0.39540816326530615 0.48953488372093024 0.023242630385487528 0.04883720930232558
0 0.41950113378684806 0.4965116279069767 0.01473922902494331 0.03488372093023256
0 0.4489795918367347 0.49883720930232556 0.020408163265306124 0.03953488372093023
0 0.4920634920634921 0.5034883720930232 0.021541950113378686 0.044186046511627906
0 0.6890589569160998 0.15348837209302324 0.008503401360544218 0.06511627906976744
0 0.7655895691609977 0.2313953488372093 0.01870748299319728 0.07674418604651162
0 0.6822562358276644 0.7988372093023256 0.017573696145124718 0.044186046511627906
0 0.7029478458049887 0.7988372093023256 0.01927437641723356 0.03953488372093023
0 0.7278911564625851 0.8023255813953488 0.015873015873015872 0.04186046511627907
0 0.7582199546485261 0.8023255813953488 0.023242630385487528 0.04186046511627907
0 0.7848639455782314 0.8093023255813954 0.020975056689342405 0.04186046511627907
0 0.8072562358276644 0.8127906976744186 0.017006802721088437 0.03953488372093023
0 0.9359410430839002 0.8290697674418605 0.020408163265306124 0.03953488372093023
0 0.9841269841269842 0.5116279069767442 0.018140589569160998 0.04186046511627907
0 0.9620181405895691 0.5058139534883721 0.020408163265306124 0.044186046511627906
0 0.9359410430839002 0.5034883720930232 0.01927437641723356 0.03953488372093023
0 0.9109977324263039 0.49883720930232556 0.017006802721088437 0.03953488372093023
0 0.8866213151927438 0.49534883720930234 0.021541950113378686 0.05116279069767442
0 0.8579931972789115 0.49186046511627907 0.017573696145124718 0.03953488372093023
0 0.8293650793650794 0.4906976744186046 0.020408163265306124 0.04186046511627907
0 0.763888888888889 0.48023255813953486 0.01870748299319728 0.044186046511627906
0 0.622732426303855 0.4744186046511628 0.01870748299319728 0.04186046511627907
0 0.6037414965986395 0.4744186046511628 0.015873015873015872 0.04186046511627907
0 0.5807823129251701 0.4662790697674419 0.020975056689342405 0.04883720930232558
0 0.5547052154195011 0.4697674418604651 0.020975056689342405 0.04186046511627907
0 0.5337301587301587 0.463953488372093 0.013038548752834467 0.044186046511627906
0 0.511904761904762 0.45930232558139533 0.017006802721088437 0.03488372093023256
0 0.4880952380952381 0.4569767441860465 0.020408163265306124 0.044186046511627906
0 0.4600340136054422 0.45232558139534884 0.01984126984126984 0.03953488372093023
0 0.435374149659864 0.4476744186046512 0.018140589569160998 0.03953488372093023
0 0.41298185941043086 0.4441860465116279 0.017573696145124718 0.04186046511627907
0 0.38832199546485263 0.4418604651162791 0.015873015873015872 0.04186046511627907
0 0.36621315192743764 0.4383720930232558 0.018140589569160998 0.03953488372093023
0 0.3429705215419501 0.43372093023255814 0.015873015873015872 0.03953488372093023
0 0.320578231292517 0.4290697674418605 0.017573696145124718 0.03953488372093023
0 0.3429705215419501 0.7 0.018140589569160998 0.04186046511627907
