0 0.017290249433106575 0.613953488372093 0.01984126984126984 0.04186046511627907
0 0.0858843537414966 0.05930232558139535 0.00963718820861678 0.09069767441860466
0 0.38265306122448983 0.7 0.01927437641723356 0.06511627906976744
0 0.608843537414966 0.672093023255814 0.02380952380952381 0.04186046511627907
0 0.6947278911564626 0.7232558139534884 0.022108843537414966 0.04186046511627907
0 0.20096371882086167 0.436046511627907 0.022108843537414966 0.04883720930232558
0 0.6743197278911565 0.7232558139534884 0.011904761904761906 0.03255813953488372
0 0.20890022675736963 0.4906976744186046 0.01870748299319728 0.05116279069767442
0 0.20493197278911565 0.55 0.01984126984126984 0.03953488372093023
0 0.24178004535147393 0.5058139534883721 0.016439909297052156 0.03953488372093023
0 0.23554421768707484 0.5546511627906977 0.023242630385487528 0.04883720930232558
0 0.11054421768707483 0.9453488372093023 0.009070294784580499 0.09069767441860466
0 0.270124716553288 0.563953488372093 0.020975056689342405 0.03953488372093023
0 0.2998866213151927 0.5686046511627907 0.018140589569160998 0.03953488372093023
0 0.2729591836734694 0.5034883720930232 0.024376417233560092 0.044186046511627906
0 0.30158730158730157 0.4453488372093023 0.021541950113378686 0.04883720930232558
0 0.3577097505668934 0.45930232558139533 0.020408163265306124 0.03953488372093023
0 0.3948412698412698 0.45930232558139533 0.023242630385487528 0.04883720930232558
0 0.41950113378684806 0.46744186046511627 0.015873015873015872 0.037209302325581395
0 0.4492630385487528 0.47093023255813954 0.01984126984126984 0.03953488372093023
0 0.4920634920634921 0.47325581395348837 0.021541950113378686 0.03953488372093023
0 0.6890589569160998 0.11046511627906977 0.00963718820861678 0.07209302325581396
0 0.7653061224489797 0.19186046511627908 0.018140589569160998 0.07209302325581396
0 0.6819727891156463 0.7709302325581395 0.017006802721088437 0.03953488372093023
0 0.7029478458049887 0.772093023255814 0.018140589569160998 0.037209302325581395
0 0.7281746031746031 0.7744186046511627 0.016439909297052156 0.04186046511627907
0 0.7582199546485261 0.7732558139534884 0.022108843537414966 0.03953488372093023
0 0.7851473922902494 0.7779069767441861 0.020408163265306124 0.03953488372093023
0 0.8069727891156463 0.7825581395348837 0.017573696145124718 0.03488372093023256
0 0.9379251700680272 0.7953488372093023 0.017573696145124718 0.04186046511627907
0 0.9846938775510204 0.4720930232558139 0.018140589569160998 0.037209302325581395
0 0.9620181405895691 0.46744186046511627 0.020408163265306124 0.03255813953488372
0 0.9356575963718821 0.4662790697674419 0.01984126984126984 0.03488372093023256
0 0.9109977324263039 0.46162790697674416 0.017006802721088437 0.03488372093023256
0 0.8863378684807256 0.4569767441860465 0.020975056689342405 0.04883720930232558
0 0.8579931972789115 0.45581395348837206 0.017573696145124718 0.037209302325581395
0 0.8290816326530612 0.45348837209302323 0.020975056689342405 0.037209302325581395
0 0.7633219954648526 0.44651162790697674 0.01870748299319728 0.037209302325581395
0 0.6221655328798186 0.43953488372093025 0.01870748299319728 0.037209302325581395
0 0.6031746031746031 0.43953488372093025 0.017006802721088437 0.037209302325581395
0 0.5807823129251701 0.436046511627907 0.020975056689342405 0.044186046511627906
0 0.5547052154195011 0.4372093023255814 0.020975056689342405 0.037209302325581395
0 0.5331632653061225 0.4325581395348837 0.013038548752834467 0.037209302325581395
0 0.511904761904762 0.4290697674418605 0.017006802721088437 0.03488372093023256
0 0.4875283446712018 0.4255813953488372 0.020408163265306124 0.037209302325581395
0 0.45975056689342403 0.42209302325581394 0.01927437641723356 0.03488372093023256
0 0.4356575963718821 0.4197674418604651 0.01984126984126984 0.03488372093023256
0 0.41298185941043086 0.41511627906976745 0.017573696145124718 0.03953488372093023
0 0.3888888888888889 0.4127906976744186 0.015873015873015872 0.03953488372093023
0 0.3656462585034014 0.4081395348837209 0.018140589569160998 0.03953488372093023
0 0.3429705215419501 0.4046511627906977 0.015873015873015872 0.037209302325581395
0 0.320578231292517 0.4011627906976744 0.017573696145124718 0.03953488372093023
0 0.4875283446712018 0.6709302325581395 0.017006802721088437 0.03953488372093023
