0 0.015873015873015872 0.6116279069767442 0.01927437641723356 0.04186046511627907
0 0.08475056689342404 0.09651162790697675 0.008503401360544218 0.08604651162790697
0 0.4146825396825397 0.6767441860465117 0.01870748299319728 0.037209302325581395
0 0.7315759637188208 0.663953488372093 0.022108843537414966 0.03953488372093023
0 0.8004535147392291 0.7186046511627907 0.021541950113378686 0.04186046511627907
0 0.19869614512471656 0.43023255813953487 0.01984126984126984 0.046511627906976744
0 0.780328798185941 0.7186046511627907 0.011904761904761906 0.03255813953488372
0 0.2071995464852608 0.48372093023255813 0.01870748299319728 0.04186046511627907
0 0.2037981859410431 0.5441860465116279 0.01984126984126984 0.037209302325581395
0 0.24121315192743764 0.4965116279069767 0.016439909297052156 0.03488372093023256
0 0.2332766439909297 0.5488372093023256 0.020975056689342405 0.04186046511627907
0 0.10941043083900227 0.9430232558139535 0.009070294784580499 0.09069767441860466
0 0.26899092970521543 0.555813953488372 0.020975056689342405 0.037209302325581395
0 0.2987528344671202 0.5593023255813954 0.017006802721088437 0.03488372093023256
0 0.27154195011337867 0.4965116279069767 0.02380952380952381 0.044186046511627906
0 0.2998866213151927 0.43372093023255814 0.020408163265306124 0.044186046511627906
0 0.35572562358276644 0.44883720930232557 0.020975056689342405 0.04186046511627907
0 0.39399092970521543 0.45348837209302323 0.022675736961451247 0.046511627906976744
0 0.41780045351473927 0.4569767441860465 0.01473922902494331 0.03953488372093023
0 0.4481292517006803 0.45813953488372094 0.01984126984126984 0.037209302325581395
0 0.4909297052154195 0.4604651162790698 0.021541950113378686 0.04186046511627907
0 0.687358276643991 0.08837209302325581 0.00963718820861678 0.07441860465116279
0 0.764172335600907 0.1755813953488372 0.018140589569160998 0.07674418604651162
0 0.6802721088435374 0.7604651162790698 0.018140589569160998 0.037209302325581395
0 0.701530612244898 0.7604651162790698 0.01870748299319728 0.037209302325581395
0 0.7267573696145125 0.7627906976744185 0.015873015873015872 0.037209302325581395
0 0.7568027210884354 0.7616279069767442 0.022675736961451247 0.03488372093023256
0 0.7840136054421769 0.7651162790697674 0.020408163265306124 0.037209302325581395
0 0.8058390022675738 0.7709302325581395 0.017573696145124718 0.03953488372093023
0 0.9362244897959184 0.7802325581395348 0.01870748299319728 0.03953488372093023
0 0.9591836734693878 0.7825581395348837 0.015873015873015872 0.03488372093023256
0 0.9829931972789115 0.45348837209302323 0.01927437641723356 0.037209302325581395
0 0.9606009070294785 0.45 0.01984126984126984 0.03488372093023256
0 0.9348072562358277 0.4476744186046512 0.01927437641723356 0.03488372093023256
0 0.9098639455782314 0.44302325581395346 0.015873015873015872 0.03488372093023256
0 0.8852040816326531 0.4418604651162791 0.020975056689342405 0.04186046511627907
0 0.8562925170068028 0.43953488372093025 0.016439909297052156 0.037209302325581395
0 0.8282312925170068 0.43488372093023253 0.01927437641723356 0.037209302325581395
0 0.7616213151927438 0.43023255813953487 0.01870748299319728 0.03255813953488372
0 0.6218820861678005 0.4255813953488372 0.01927437641723356 0.03255813953488372
0 0.6023242630385488 0.4267441860465116 0.016439909297052156 0.03488372093023256
0 0.5793650793650794 0.4232558139534884 0.021541950113378686 0.04186046511627907
0 0.5535714285714286 0.4232558139534884 0.01984126984126984 0.037209302325581395
0 0.532312925170068 0.4174418604651163 0.012471655328798186 0.03488372093023256
0 0.5107709750566893 0.413953488372093 0.017006802721088437 0.037209302325581395
0 0.485827664399093 0.413953488372093 0.020408163265306124 0.037209302325581395
0 0.4586167800453515 0.4104651162790698 0.020408163265306124 0.03488372093023256
0 0.43395691609977327 0.40581395348837207 0.01870748299319728 0.03488372093023256
0 0.41156462585034015 0.40581395348837207 0.017006802721088437 0.03488372093023256
0 0.3877551020408163 0.4011627906976744 0.015873015873015872 0.03953488372093023
0 0.3647959183673469 0.4 0.017573696145124718 0.037209302325581395
0 0.34183673469387754 0.3941860465116279 0.015873015873015872 0.03488372093023256
0 0.3194444444444445 0.3930232558139535 0.01870748299319728 0.03255813953488372
0 0.5949546485260772 0.6627906976744186 0.017573696145124718 0.04186046511627907
