0 0.017857142857142856 0.6186046511627907 0.01984126984126984 0.046511627906976744
0 0.36536281179138325 0.7825581395348837 0.011904761904761906 0.08139534883720931
0 0.4954648526077098 0.6790697674418604 0.02380952380952381 0.04186046511627907
0 0.5881519274376418 0.7325581395348837 0.022108843537414966 0.04186046511627907
0 0.20068027210884354 0.4441860465116279 0.021541950113378686 0.05116279069767442
0 0.5677437641723356 0.7313953488372092 0.011904761904761906 0.03488372093023256
0 0.2094671201814059 0.5011627906976744 0.01870748299319728 0.04883720930232558
0 0.20521541950113378 0.5569767441860465 0.01927437641723356 0.03953488372093023
0 0.24263038548752835 0.513953488372093 0.017006802721088437 0.037209302325581395
0 0.23497732426303855 0.5627906976744186 0.023242630385487528 0.05116279069767442
0 0.11082766439909297 0.95 0.00963718820861678 0.09069767441860466
0 0.270124716553288 0.5755813953488372 0.020975056689342405 0.03953488372093023
0 0.3001700680272109 0.5790697674418605 0.01870748299319728 0.04186046511627907
0 0.2729591836734694 0.513953488372093 0.023242630385487528 0.046511627906976744
0 0.30158730158730157 0.45581395348837206 0.021541950113378686 0.05116279069767442
0 0.3579931972789116 0.4720930232558139 0.022108843537414966 0.04186046511627907
0 0.3956916099773243 0.4744186046511628 0.022675736961451247 0.05116279069767442
0 0.41950113378684806 0.4825581395348837 0.01473922902494331 0.03953488372093023
0 0.4489795918367347 0.4825581395348837 0.020408163265306124 0.03953488372093023
0 0.4920634920634921 0.4883720930232558 0.021541950113378686 0.04186046511627907
0 0.6890589569160998 0.1325581395348837 0.00963718820861678 0.06976744186046512
0 0.766156462585034 0.2127906976744186 0.01870748299319728 0.07674418604651162
0 0.6816893424036281 0.7837209302325582 0.017573696145124718 0.04186046511627907
0 0.7029478458049887 0.786046511627907 0.018140589569160998 0.037209302325581395
0 0.7281746031746031 0.7872093023255814 0.016439909297052156 0.044186046511627906
0 0.7585034013605443 0.7883720930232558 0.022675736961451247 0.04186046511627907
0 0.7848639455782314 0.791860465116279 0.020975056689342405 0.03953488372093023
0 0.8069727891156463 0.7988372093023256 0.017573696145124718 0.03953488372093023
0 0.9376417233560091 0.8116279069767441 0.018140589569160998 0.037209302325581395
0 0.9846938775510204 0.4906976744186046 0.018140589569160998 0.037209302325581395
0 0.9617346938775511 0.4872093023255814 0.01984126984126984 0.03953488372093023
0 0.935374149659864 0.4848837209302326 0.01927437641723356 0.03953488372093023
0 0.9109977324263039 0.4813953488372093 0.017006802721088437 0.037209302325581395
0 0.8863378684807256 0.47674418604651164 0.022108843537414966 0.046511627906976744
0 0.8577097505668935 0.4744186046511628 0.018140589569160998 0.037209302325581395
0 0.8296485260770975 0.4720930232558139 0.01984126984126984 0.04186046511627907
0 0.7633219954648526 0.46162790697674416 0.01870748299319728 0.03953488372093023
0 0.623015873015873 0.45813953488372094 0.020408163265306124 0.037209302325581395
0 0.6034580498866213 0.4569767441860465 0.016439909297052156 0.03953488372093023
0 0.5810657596371882 0.4511627906976744 0.021541950113378686 0.05116279069767442
0 0.5547052154195011 0.45348837209302323 0.020975056689342405 0.037209302325581395
0 0.5331632653061225 0.4476744186046512 0.011904761904761906 0.03953488372093023
0 0.511904761904762 0.4441860465116279 0.017006802721088437 0.037209302325581395
0 0.4875283446712018 0.44069767441860463 0.020408163265306124 0.044186046511627906
0 0.4600340136054422 0.436046511627907 0.01984126984126984 0.03953488372093023
0 0.4356575963718821 0.43372093023255814 0.01984126984126984 0.03953488372093023
0 0.41269841269841273 0.42790697674418604 0.017006802721088437 0.04186046511627907
0 0.38832199546485263 0.4267441860465116 0.015873015873015872 0.03953488372093023
0 0.3659297052154195 0.4232558139534884 0.01870748299319728 0.037209302325581395
0 0.3429705215419501 0.4174418604651163 0.015873015873015872 0.03953488372093023
0 0.320578231292517 0.4127906976744186 0.016439909297052156 0.03953488372093023
0 0.38860544217687076 0.6848837209302325 0.017573696145124718 0.03953488372093023
