0 0.017857142857142856 0.6162790697674418 0.01984126984126984 0.04186046511627907
0 0.08616780045351474 0.08837209302325581 0.009070294784580499 0.08837209302325581
0 0.39767573696145125 0.6872093023255814 0.01870748299319728 0.044186046511627906
0 0.6697845804988662 0.6697674418604651 0.023242630385487528 0.037209302325581395
0 0.7491496598639455 0.7255813953488373 0.022108843537414966 0.04186046511627907
0 0.20096371882086167 0.436046511627907 0.022108843537414966 0.04883720930232558
0 0.7281746031746031 0.7232558139534884 0.011904761904761906 0.03255813953488372
0 0.20918367346938777 0.48953488372093024 0.01927437641723356 0.044186046511627906
0 0.20549886621315194 0.55 0.01984126984126984 0.03953488372093023
0 0.24234693877551022 0.5046511627906977 0.016439909297052156 0.037209302325581395
0 0.23497732426303855 0.5546511627906977 0.022108843537414966 0.044186046511627906
0 0.11082766439909297 0.9476744186046512 0.00963718820861678 0.09069767441860466
0 0.27040816326530615 0.5627906976744186 0.021541950113378686 0.037209302325581395
0 0.3001700680272109 0.5674418604651162 0.017573696145124718 0.037209302325581395
0 0.27267573696145125 0.5046511627906977 0.022675736961451247 0.04186046511627907
0 0.30158730158730157 0.4441860465116279 0.021541950113378686 0.046511627906976744
0 0.3577097505668934 0.45813953488372094 0.020408163265306124 0.04186046511627907
0 0.3956916099773243 0.45930232558139533 0.022675736961451247 0.04883720930232558
0 0.41978458049886624 0.4662790697674419 0.015306122448979591 0.03953488372093023
0 0.449546485260771 0.4662790697674419 0.020408163265306124 0.03953488372093023
0 0.49263038548752835 0.4697674418604651 0.021541950113378686 0.04186046511627907
0 0.6887755102040817 0.10348837209302325 0.010204081632653062 0.07209302325581396
0 0.7655895691609977 0.1883720930232558 0.01870748299319728 0.07906976744186046
0 0.6819727891156463 0.7686046511627906 0.018140589569160998 0.03953488372093023
0 0.703514739229025 0.7697674418604651 0.018140589569160998 0.037209302325581395
0 0.7281746031746031 0.772093023255814 0.016439909297052156 0.037209302325581395
0 0.7587868480725624 0.7709302325581395 0.023242630385487528 0.03953488372093023
0 0.7851473922902494 0.7755813953488372 0.020408163265306124 0.03953488372093023
0 0.8075396825396826 0.7790697674418604 0.017573696145124718 0.037209302325581395
0 0.9379251700680272 0.7906976744186046 0.017573696145124718 0.04186046511627907
0 0.9841269841269842 0.4662790697674419 0.018140589569160998 0.03953488372093023
0 0.9623015873015873 0.463953488372093 0.01984126984126984 0.03488372093023256
0 0.9356575963718821 0.45930232558139533 0.01870748299319728 0.03488372093023256
0 0.9112811791383221 0.45465116279069767 0.016439909297052156 0.03488372093023256
0 0.8866213151927438 0.45232558139534884 0.021541950113378686 0.044186046511627906
0 0.8579931972789115 0.4511627906976744 0.016439909297052156 0.037209302325581395
0 0.8296485260770975 0.4476744186046512 0.01984126984126984 0.03953488372093023
0 0.7633219954648526 0.4418604651162791 0.01870748299319728 0.037209302325581395
0 0.622732426303855 0.43488372093023253 0.01870748299319728 0.03255813953488372
0 0.6034580498866213 0.436046511627907 0.016439909297052156 0.03488372093023256
0 0.5810657596371882 0.43372093023255814 0.020408163265306124 0.044186046511627906
0 0.5552721088435374 0.4325581395348837 0.01984126984126984 0.037209302325581395
0 0.5334467120181406 0.4267441860465116 0.012471655328798186 0.03488372093023256
0 0.511904761904762 0.42441860465116277 0.017006802721088437 0.03488372093023256
0 0.4875283446712018 0.42441860465116277 0.020408163265306124 0.03488372093023256
0 0.45975056689342403 0.4197674418604651 0.01927437641723356 0.03488372093023256
0 0.435374149659864 0.41627906976744183 0.01927437641723356 0.037209302325581395
0 0.41298185941043086 0.413953488372093 0.017573696145124718 0.037209302325581395
0 0.389172335600907 0.4116279069767442 0.016439909297052156 0.04186046511627907
0 0.3659297052154195 0.4081395348837209 0.01870748299319728 0.03953488372093023
0 0.342687074829932 0.40348837209302324 0.015306122448979591 0.03488372093023256
0 0.32086167800453513 0.4 0.018140589569160998 0.037209302325581395
0 0.5416666666666666 0.6697674418604651 0.017573696145124718 0.04186046511627907
