0 0.03231292517006803 0.608139534883721 0.018140589569160998 0.03953488372093023
0 0.08531746031746032 0.1 0.00963718820861678 0.08372093023255814
0 0.46712018140589573 0.6616279069767442 0.018140589569160998 0.03488372093023256
0 0.903061224489796 0.6604651162790698 0.022675736961451247 0.04186046511627907
0 0.9379251700680272 0.7151162790697674 0.020975056689342405 0.044186046511627906
0 0.19586167800453516 0.42093023255813955 0.01984126984126984 0.04186046511627907
0 0.9169501133786848 0.713953488372093 0.011904761904761906 0.03255813953488372
0 0.20266439909297052 0.4720930232558139 0.017573696145124718 0.04186046511627907
0 0.19642857142857142 0.5325581395348837 0.01870748299319728 0.037209302325581395
0 0.23837868480725624 0.4848837209302326 0.016439909297052156 0.03488372093023256
0 0.2304421768707483 0.5348837209302325 0.023242630385487528 0.04186046511627907
0 0.11054421768707483 0.9348837209302325 0.010204081632653062 0.08837209302325581
0 0.26899092970521543 0.5406976744186046 0.020975056689342405 0.03488372093023256
0 0.2996031746031746 0.5441860465116279 0.017573696145124718 0.037209302325581395
0 0.2709750566893424 0.4813953488372093 0.02380952380952381 0.04186046511627907
0 0.3010204081632653 0.42209302325581394 0.021541950113378686 0.03953488372093023
0 0.3565759637188209 0.4313953488372093 0.01927437641723356 0.03953488372093023
0 0.3948412698412698 0.43488372093023253 0.023242630385487528 0.04186046511627907
0 0.4192176870748299 0.4383720930232558 0.015306122448979591 0.03953488372093023
0 0.4489795918367347 0.4372093023255814 0.01927437641723356 0.037209302325581395
0 0.4914965986394558 0.43953488372093025 0.022675736961451247 0.04186046511627907
0 0.6879251700680272 0.0686046511627907 0.00963718820861678 0.07674418604651162
0 0.7644557823129252 0.15930232558139534 0.01870748299319728 0.07674418604651162
0 0.68140589569161 0.741860465116279 0.018140589569160998 0.037209302325581395
0 0.7029478458049887 0.741860465116279 0.018140589569160998 0.037209302325581395
0 0.7281746031746031 0.7453488372093023 0.016439909297052156 0.03953488372093023
0 0.7579365079365079 0.7534883720930232 0.022675736961451247 0.03255813953488372
0 0.7840136054421769 0.7558139534883721 0.020408163265306124 0.037209302325581395
0 0.80640589569161 0.7604651162790698 0.017573696145124718 0.037209302325581395
0 0.8310657596371882 0.7581395348837209 0.01927437641723356 0.037209302325581395
0 0.9367913832199547 0.7674418604651163 0.01870748299319728 0.037209302325581395
0 0.9591836734693878 0.7697674418604651 0.015873015873015872 0.03255813953488372
0 0.9832766439909297 0.436046511627907 0.01870748299319728 0.03488372093023256
0 0.9606009070294785 0.4313953488372093 0.01984126984126984 0.03488372093023256
0 0.9350907029478458 0.4290697674418605 0.01984126984126984 0.03488372093023256
0 0.9095804988662132 0.4255813953488372 0.016439909297052156 0.037209302325581395
0 0.8857709750566893 0.4267441860465116 0.022108843537414966 0.03953488372093023
0 0.856859410430839 0.42441860465116277 0.016439909297052156 0.03488372093023256
0 0.8287981859410432 0.4197674418604651 0.020408163265306124 0.03953488372093023
0 0.76218820861678 0.4174418604651163 0.01870748299319728 0.03488372093023256
0 0.6224489795918368 0.40232558139534885 0.018140589569160998 0.03255813953488372
0 0.6034580498866213 0.40232558139534885 0.016439909297052156 0.037209302325581395
0 0.5802154195011338 0.3988372093023256 0.020975056689342405 0.03953488372093023
0 0.554421768707483 0.3988372093023256 0.01927437641723356 0.03953488372093023
0 0.5331632653061225 0.39767441860465114 0.013038548752834467 0.03255813953488372
0 0.5113378684807256 0.3941860465116279 0.017006802721088437 0.030232558139534883
0 0.48696145124716556 0.3918604651162791 0.020408163265306124 0.03488372093023256
0 0.45918367346938777 0.39069767441860465 0.01927437641723356 0.03255813953488372
0 0.43480725623582767 0.3872093023255814 0.018140589569160998 0.03488372093023256
0 0.4121315192743764 0.3883720930232558 0.017006802721088437 0.03255813953488372
0 0.38860544217687076 0.38488372093023254 0.016439909297052156 0.030232558139534883
0 0.3656462585034014 0.38372093023255816 0.018140589569160998 0.03255813953488372
0 0.3421201814058957 0.37906976744186044 0.015306122448979591 0.03255813953488372
0 0.32029478458049887 0.37790697674418605 0.018140589569160998 0.03488372093023256
0 0.7321428571428572 0.6511627906976745 0.017573696145124718 0.04186046511627907
