0 0.03939909297052154 0.6046511627906976 0.01870748299319728 0.04186046511627907
0 0.008219954648526078 0.5895348837209302 0.017573696145124718 0.03488372093023256
0 0.08531746031746032 0.09767441860465116 0.008503401360544218 0.08372093023255814
0 0.4744897959183674 0.6511627906976745 0.01927437641723356 0.04186046511627907
0 0.9396258503401361 0.6546511627906977 0.023242630385487528 0.03953488372093023
0 0.9654195011337868 0.7069767441860465 0.022675736961451247 0.04186046511627907
0 0.1933106575963719 0.4174418604651163 0.020408163265306124 0.03488372093023256
0 0.9441609977324263 0.7104651162790697 0.011904761904761906 0.030232558139534883
0 0.197562358276644 0.4686046511627907 0.01870748299319728 0.03953488372093023
0 0.1921768707482993 0.5279069767441861 0.01927437641723356 0.037209302325581395
0 0.23469387755102042 0.48023255813953486 0.015873015873015872 0.03488372093023256
0 0.22704081632653061 0.5302325581395348 0.022108843537414966 0.037209302325581395
0 0.11054421768707483 0.9313953488372093 0.010204081632653062 0.09069767441860466
0 0.26700680272108845 0.5395348837209302 0.020408163265306124 0.03255813953488372
0 0.2996031746031746 0.5395348837209302 0.017573696145124718 0.037209302325581395
0 0.26927437641723356 0.47674418604651164 0.02380952380952381 0.04186046511627907
0 0.3007369614512472 0.4174418604651163 0.022108843537414966 0.044186046511627906
0 0.3565759637188209 0.42790697674418604 0.020408163265306124 0.037209302325581395
0 0.395124716553288 0.4290697674418605 0.022675736961451247 0.044186046511627906
0 0.4189342403628118 0.43372093023255814 0.01473922902494331 0.044186046511627906
0 0.44869614512471656 0.4325581395348837 0.01984126984126984 0.037209302325581395
0 0.4914965986394558 0.43372093023255814 0.022675736961451247 0.03953488372093023
0 0.687641723356009 0.04883720930232558 0.010204081632653062 0.07906976744186046
0 0.7650226757369615 0.14302325581395348 0.01870748299319728 0.07674418604651162
0 0.6811224489795918 0.736046511627907 0.017573696145124718 0.03953488372093023
0 0.7023809523809524 0.7372093023255814 0.018140589569160998 0.037209302325581395
0 0.7276077097505669 0.7395348837209302 0.016439909297052156 0.04186046511627907
0 0.7579365079365079 0.7383720930232558 0.022675736961451247 0.03488372093023256
0 0.784297052154195 0.7395348837209302 0.01984126984126984 0.037209302325581395
0 0.8066893424036281 0.7441860465116279 0.017006802721088437 0.037209302325581395
0 0.8310657596371882 0.7441860465116279 0.01927437641723356 0.037209302325581395
0 0.9379251700680272 0.7523255813953488 0.016439909297052156 0.03488372093023256
0 0.9589002267573696 0.7546511627906977 0.016439909297052156 0.03488372093023256
0 0.9832766439909297 0.42790697674418604 0.01870748299319728 0.03255813953488372
0 0.9606009070294785 0.42441860465116277 0.01984126984126984 0.03488372093023256
0 0.9348072562358277 0.4197674418604651 0.01927437641723356 0.03488372093023256
0 0.909297052154195 0.4174418604651163 0.017006802721088437 0.03488372093023256
0 0.8854875283446713 0.4174418604651163 0.022675736961451247 0.03488372093023256
0 0.856859410430839 0.4174418604651163 0.016439909297052156 0.03488372093023256
0 0.8287981859410432 0.4104651162790698 0.01927437641723356 0.03953488372093023
0 0.7624716553287982 0.4 0.01927437641723356 0.03255813953488372
0 0.6221655328798186 0.39651162790697675 0.01870748299319728 0.03488372093023256
0 0.6026077097505669 0.39651162790697675 0.017006802721088437 0.03488372093023256
0 0.5802154195011338 0.3941860465116279 0.020975056689342405 0.03953488372093023
0 0.5541383219954649 0.3941860465116279 0.01870748299319728 0.03488372093023256
0 0.5328798185941043 0.39069767441860465 0.012471655328798186 0.03255813953488372
0 0.5110544217687075 0.3883720930232558 0.016439909297052156 0.03255813953488372
0 0.48696145124716556 0.3883720930232558 0.020408163265306124 0.037209302325581395
0 0.45890022675736963 0.386046511627907 0.01984126984126984 0.03255813953488372
0 0.43480725623582767 0.38372093023255816 0.018140589569160998 0.03255813953488372
0 0.41156462585034015 0.38372093023255816 0.017006802721088437 0.03255813953488372
0 0.38832199546485263 0.38139534883720927 0.015873015873015872 0.03255813953488372
0 0.36536281179138325 0.37790697674418605 0.017573696145124718 0.03488372093023256
0 0.34240362811791386 0.3744186046511628 0.015873015873015872 0.03255813953488372
0 0.32001133786848074 0.3732558139534884 0.017573696145124718 0.03488372093023256
0 0.7570861678004536 0.641860465116279 0.017573696145124718 0.037209302325581395
