0 0.017573696145124718 0.6197674418604651 0.01927437641723356 0.044186046511627906
0 0.3670634920634921 0.7627906976744185 0.01417233560090703 0.08372093023255814
0 0.5229591836734694 0.677906976744186 0.023242630385487528 0.044186046511627906
0 0.6142290249433107 0.7302325581395349 0.022108843537414966 0.04186046511627907
0 0.2003968253968254 0.4441860465116279 0.020975056689342405 0.046511627906976744
0 0.5935374149659864 0.7325581395348837 0.012471655328798186 0.03255813953488372
0 0.20918367346938777 0.5 0.01927437641723356 0.046511627906976744
0 0.20549886621315194 0.5569767441860465 0.01984126984126984 0.03953488372093023
0 0.24234693877551022 0.5151162790697674 0.017573696145124718 0.03953488372093023
0 0.2344104308390023 0.5627906976744186 0.023242630385487528 0.05116279069767442
0 0.11082766439909297 0.9511627906976744 0.00963718820861678 0.08837209302325581
0 0.270124716553288 0.5755813953488372 0.020975056689342405 0.03953488372093023
0 0.3001700680272109 0.5790697674418605 0.017573696145124718 0.04186046511627907
0 0.2729591836734694 0.513953488372093 0.023242630385487528 0.04186046511627907
0 0.30130385487528344 0.45465116279069767 0.022108843537414966 0.053488372093023255
0 0.3579931972789116 0.47093023255813954 0.020975056689342405 0.044186046511627906
0 0.395124716553288 0.47325581395348837 0.022675736961451247 0.04883720930232558
0 0.41978458049886624 0.4813953488372093 0.015306122448979591 0.037209302325581395
0 0.4489795918367347 0.4825581395348837 0.020408163265306124 0.03953488372093023
0 0.4923469387755102 0.4872093023255814 0.022108843537414966 0.03953488372093023
0 0.6887755102040817 0.13023255813953488 0.009070294784580499 0.06976744186046512
0 0.766156462585034 0.20930232558139533 0.01870748299319728 0.07906976744186046
0 0.6816893424036281 0.7825581395348837 0.017573696145124718 0.03953488372093023
0 0.7032312925170068 0.7837209302325582 0.01870748299319728 0.037209302325581395
0 0.7281746031746031 0.7848837209302325 0.017573696145124718 0.044186046511627906
0 0.7585034013605443 0.7848837209302325 0.022675736961451247 0.044186046511627906
0 0.7851473922902494 0.791860465116279 0.020408163265306124 0.03488372093023256
0 0.8069727891156463 0.7953488372093023 0.017573696145124718 0.037209302325581395
0 0.937358276643991 0.8093023255813954 0.017573696145124718 0.037209302325581395
0 0.9844104308390023 0.4883720930232558 0.017573696145124718 0.037209302325581395
0 0.9623015873015873 0.4848837209302326 0.01984126984126984 0.03953488372093023
0 0.9356575963718821 0.4813953488372093 0.01984126984126984 0.037209302325581395
0 0.9109977324263039 0.47790697674418603 0.017006802721088437 0.03953488372093023
0 0.8866213151927438 0.47325581395348837 0.021541950113378686 0.04883720930232558
0 0.8579931972789115 0.4720930232558139 0.017573696145124718 0.037209302325581395
0 0.8293650793650794 0.46744186046511627 0.020408163265306124 0.037209302325581395
0 0.7636054421768708 0.46162790697674416 0.018140589569160998 0.03953488372093023
0 0.6224489795918368 0.45581395348837206 0.01927437641723356 0.037209302325581395
0 0.6034580498866213 0.45465116279069767 0.016439909297052156 0.03953488372093023
0 0.5807823129251701 0.44883720930232557 0.020975056689342405 0.046511627906976744
0 0.554421768707483 0.45 0.020408163265306124 0.03488372093023256
0 0.5337301587301587 0.44651162790697674 0.013038548752834467 0.037209302325581395
0 0.511904761904762 0.4418604651162791 0.017006802721088437 0.037209302325581395
0 0.4875283446712018 0.4383720930232558 0.020408163265306124 0.03953488372093023
0 0.45975056689342403 0.4325581395348837 0.01927437641723356 0.037209302325581395
0 0.435374149659864 0.4313953488372093 0.018140589569160998 0.03953488372093023
0 0.41298185941043086 0.42790697674418604 0.017573696145124718 0.037209302325581395
0 0.38860544217687076 0.4255813953488372 0.016439909297052156 0.04186046511627907
0 0.3656462585034014 0.42209302325581394 0.018140589569160998 0.03953488372093023
0 0.3429705215419501 0.41627906976744183 0.015873015873015872 0.04186046511627907
0 0.32086167800453513 0.4127906976744186 0.017006802721088437 0.03953488372093023
0 0.41241496598639454 0.6837209302325581 0.017573696145124718 0.037209302325581395
