0 0.3771929824561403 0.5676416819012797 0.05263157894736842 0.04936014625228519
0 0.05555555555555555 0.6928702010968921 0.05555555555555555 0.04753199268738574
0 0.19005847953216373 0.6745886654478976 0.05555555555555555 0.04753199268738574
0 0.652046783625731 0.3555758683729433 0.06432748538011696 0.056672760511883
0 0.804093567251462 0.3592321755027422 0.06140350877192982 0.056672760511883
0 0.3845029239766082 0.39945155393053017 0.05263157894736842 0.03473491773308958
0 0.25584795321637427 0.26508226691042047 0.049707602339181284 0.07678244972577697
0 0.21125730994152045 0.16544789762340037 0.039473684210526314 0.06764168190127971
0 0.24634502923976606 0.03290676416819013 0.04239766081871345 0.06581352833638025
0 0.06505847953216373 0.027422303473491772 0.059941520467836254 0.04753199268738574
0 0.20687134502923976 0.283363802559415 0.03070175438596491 0.04753199268738574
0 0.14912280701754385 0.12248628884826325 0.03508771929824561 0.054844606946983544
0 0.5482456140350876 0.07769652650822668 0.05555555555555555 0.03473491773308958
0 0.6505847953216374 0.07312614259597806 0.05263157894736842 0.03290676416819013
0 0.17178362573099415 0.9707495429616088 0.05116959064327485 0.03290676416819013
0 0.5372807017543859 0.819926873857404 0.05116959064327485 0.0603290676416819
0 0.5826023391812866 0.8711151736745887 0.05701754385964912 0.06764168190127971
0 0.6308479532163742 0.9204753199268738 0.05701754385964912 0.06398537477148081
0 0.6827485380116959 0.9652650822669104 0.05555555555555555 0.05850091407678245
0 0.8859649122807017 0.45429616087751373 0.029239766081871343 0.06764168190127971
0 0.8735380116959064 0.5658135283363802 0.033625730994152045 0.07495429616087751
0 0.8662280701754386 0.6581352833638026 0.033625730994152045 0.06581352833638025
0 0.8435672514619883 0.8318098720292505 0.03216374269005848 0.07678244972577697
0 0.894736842105263 0.6709323583180987 0.043859649122807015 0.08043875685557587
0 0.9342105263157894 0.6252285191956124 0.03508771929824561 0.07678244972577697
