0 0.3823099415204678 0.5722120658135283 0.054093567251461985 0.051188299817184646
0 0.18274853801169588 0.6380255941499086 0.05555555555555555 0.04753199268738574
0 0.13596491228070173 0.7093235831809872 0.05555555555555555 0.04753199268738574
0 0.75 0.30895795246800734 0.06140350877192982 0.054844606946983544
0 0.6995614035087719 0.43875685557586835 0.059941520467836254 0.054844606946983544
0 0.3991228070175438 0.40585009140767825 0.049707602339181284 0.03290676416819013
0 0.26023391812865493 0.2687385740402194 0.04678362573099415 0.07678244972577697
0 0.21710526315789472 0.170018281535649 0.039473684210526314 0.06946983546617916
0 0.25219298245614036 0.03656307129798903 0.04239766081871345 0.06581352833638025
0 0.07456140350877193 0.0283363802559415 0.05847953216374269 0.04936014625228519
0 0.2134502923976608 0.28793418647166363 0.029239766081871343 0.04570383912248629
0 0.1564327485380117 0.12705667276051189 0.038011695906432746 0.056672760511883
0 0.5548245614035088 0.08226691042047532 0.05701754385964912 0.03656307129798903
0 0.6571637426900584 0.07952468007312614 0.054093567251461985 0.031078610603290677
0 0.1769005847953216 0.9725776965265083 0.049707602339181284 0.03656307129798903
0 0.5423976608187134 0.8263254113345521 0.05263157894736842 0.062157221206581355
0 0.5891812865497076 0.8756855575868373 0.05555555555555555 0.06581352833638025
0 0.6345029239766081 0.9259597806215722 0.05847953216374269 0.06764168190127971
0 0.6842105263157894 0.9680073126142595 0.05555555555555555 0.06398537477148081
0 0.891812865497076 0.45612431444241314 0.03216374269005848 0.0712979890310786
0 0.8786549707602339 0.5694698354661791 0.03216374269005848 0.07495429616087751
0 0.8728070175438596 0.6617915904936015 0.03508771929824561 0.06581352833638025
0 0.8486842105263157 0.8345521023765996 0.03070175438596491 0.07495429616087751
0 0.8991228070175438 0.6846435100548446 0.04678362573099415 0.0712979890310786
0 0.9400584795321637 0.6279707495429616 0.03508771929824561 0.07861060329067641
