0 0.3735380116959064 0.5658135283363802 0.05116959064327485 0.04936014625228519
0 0.2353801169590643 0.6462522851919561 0.05555555555555555 0.04936014625228519
0 0.5511695906432749 0.41042047531992687 0.06140350877192982 0.056672760511883
0 0.915204678362573 0.2870201096892139 0.05847953216374269 0.054844606946983544
0 0.36915204678362573 0.39488117001828155 0.054093567251461985 0.04021937842778794
0 0.2529239766081871 0.26416819012797077 0.04678362573099415 0.07495429616087751
0 0.20687134502923976 0.16544789762340037 0.039473684210526314 0.06764168190127971
0 0.24342105263157893 0.031078610603290677 0.04239766081871345 0.06581352833638025
0 0.06432748538011696 0.024680073126142597 0.06140350877192982 0.04570383912248629
0 0.20394736842105263 0.28244972577696525 0.033625730994152045 0.04936014625228519
0 0.1469298245614035 0.12340036563071298 0.033625730994152045 0.05301645338208409
0 0.5453216374269005 0.07861060329067641 0.05847953216374269 0.04021937842778794
0 0.6461988304093567 0.07312614259597806 0.05263157894736842 0.03290676416819013
0 0.09649122807017543 0.7595978062157221 0.06140350877192982 0.04936014625228519
0 0.16885964912280702 0.9680073126142595 0.05116959064327485 0.03473491773308958
0 0.5343567251461988 0.819926873857404 0.05116959064327485 0.0603290676416819
0 0.581140350877193 0.870201096892139 0.05701754385964912 0.06946983546617916
0 0.6279239766081871 0.9204753199268738 0.05701754385964912 0.06398537477148081
0 0.6798245614035088 0.9643510054844607 0.05555555555555555 0.0603290676416819
0 0.8823099415204678 0.4524680073126143 0.03070175438596491 0.06764168190127971
0 0.8691520467836257 0.56672760511883 0.03070175438596491 0.07678244972577697
0 0.8633040935672515 0.6572212065813529 0.033625730994152045 0.06398537477148081
0 0.8406432748538011 0.8308957952468007 0.029239766081871343 0.07495429616087751
0 0.8932748538011696 0.6654478976234004 0.04093567251461988 0.08043875685557587
0 0.9312865497076023 0.6224862888482633 0.03508771929824561 0.07861060329067641
