0 0.3742690058479532 0.5676416819012797 0.05263157894736842 0.04936014625228519
0 0.2134502923976608 0.6581352833638026 0.05555555555555555 0.051188299817184646
0 0.6008771929824561 0.3829981718464351 0.06432748538011696 0.0603290676416819
0 0.8574561403508771 0.3217550274223035 0.059941520467836254 0.054844606946983544
0 0.37646198830409355 0.3976234003656307 0.05116959064327485 0.03473491773308958
0 0.2536549707602339 0.26416819012797077 0.04824561403508772 0.07861060329067641
0 0.20760233918128654 0.16544789762340037 0.04093567251461988 0.06764168190127971
0 0.24342105263157893 0.031078610603290677 0.039473684210526314 0.062157221206581355
0 0.06286549707602339 0.02376599634369287 0.05847953216374269 0.04753199268738574
0 0.20394736842105263 0.2842778793418647 0.03070175438596491 0.04570383912248629
0 0.14619883040935672 0.12157221206581353 0.03508771929824561 0.05301645338208409
0 0.5460526315789473 0.07678244972577697 0.05701754385964912 0.03656307129798903
0 0.6476608187134503 0.0740402193784278 0.05263157894736842 0.031078610603290677
0 0.03728070175438596 0.7861060329067642 0.059941520467836254 0.04753199268738574
0 0.16885964912280702 0.9707495429616088 0.05116959064327485 0.03656307129798903
0 0.5343567251461988 0.819926873857404 0.05116959064327485 0.0603290676416819
0 0.581140350877193 0.8711151736745887 0.05701754385964912 0.0712979890310786
0 0.6271929824561403 0.9204753199268738 0.05847953216374269 0.06398537477148081
0 0.679093567251462 0.9643510054844607 0.05701754385964912 0.06398537477148081
0 0.881578947368421 0.4524680073126143 0.029239766081871343 0.06764168190127971
0 0.8698830409356725 0.5658135283363802 0.03216374269005848 0.07495429616087751
0 0.8633040935672515 0.6572212065813529 0.033625730994152045 0.06398537477148081
0 0.8413742690058479 0.8318098720292505 0.033625730994152045 0.07678244972577697
0 0.8925438596491228 0.6681901279707495 0.04239766081871345 0.07861060329067641
0 0.9305555555555555 0.623400365630713 0.03654970760233918 0.08043875685557587
