0 0.36622807017543857 0.5658135283363802 0.05701754385964912 0.05301645338208409
0 0.2989766081871345 0.6060329067641682 0.054093567251461985 0.04936014625228519
0 0.1915204678362573 0.6096892138939671 0.06432748538011696 0.056672760511883
0 0.28728070175438597 0.24588665447897623 0.039473684210526314 0.06764168190127971
0 0.24780701754385964 0.2623400365630713 0.04532163742690058 0.07495429616087751
0 0.20248538011695905 0.16179159049360145 0.039473684210526314 0.0712979890310786
0 0.23830409356725146 0.03016453382084095 0.043859649122807015 0.06398537477148081
0 0.0577485380116959 0.02376599634369287 0.05701754385964912 0.043875685557586835
0 0.19736842105263158 0.28153564899451555 0.03216374269005848 0.043875685557586835
0 0.14108187134502922 0.12431444241316271 0.033625730994152045 0.051188299817184646
0 0.540204678362573 0.07678244972577697 0.05701754385964912 0.03656307129798903
0 0.6403508771929824 0.07221206581352833 0.05263157894736842 0.031078610603290677
0 0.6842105263157894 0.3272394881170018 0.05263157894736842 0.051188299817184646
0 0.5073099415204678 0.5329067641681902 0.05847953216374269 0.05301645338208409
0 0.21418128654970758 0.706581352833638 0.06286549707602339 0.05301645338208409
0 0.16301169590643275 0.9689213893967094 0.054093567251461985 0.03656307129798903
0 0.5285087719298245 0.8180987202925045 0.04824561403508772 0.056672760511883
0 0.5752923976608186 0.870201096892139 0.05701754385964912 0.06581352833638025
0 0.6228070175438596 0.9195612431444241 0.05555555555555555 0.062157221206581355
0 0.6717836257309941 0.9634369287020109 0.05701754385964912 0.062157221206581355
0 0.8735380116959064 0.453382084095064 0.027777777777777776 0.06581352833638025
0 0.8633040935672515 0.5639853747714808 0.03070175438596491 0.07495429616087751
0 0.8559941520467835 0.6553930530164533 0.027777777777777776 0.06398537477148081
0 0.8355263157894737 0.8308957952468007 0.027777777777777776 0.06764168190127971
0 0.888157894736842 0.6489945155393053 0.039473684210526314 0.08043875685557587
0 0.9232456140350876 0.6215722120658135 0.033625730994152045 0.08043875685557587
0 0.9042397660818713 0.7989031078610603 0.03070175438596491 0.07312614259597806
