0 0.3640350877192982 0.56672760511883 0.05555555555555555 0.051188299817184646
0 0.2989766081871345 0.6051188299817185 0.054093567251461985 0.051188299817184646
0 0.08187134502923976 0.6608775137111518 0.06432748538011696 0.0603290676416819
0 0.2529239766081871 0.16453382084095064 0.043859649122807015 0.06946983546617916
0 0.24342105263157893 0.2623400365630713 0.04532163742690058 0.07495429616087751
0 0.1995614035087719 0.16270566727605118 0.039473684210526314 0.06946983546617916
0 0.23464912280701752 0.031992687385740404 0.04239766081871345 0.06398537477148081
0 0.054093567251461985 0.022851919561243144 0.05847953216374269 0.04570383912248629
0 0.19517543859649122 0.283363802559415 0.03070175438596491 0.043875685557586835
0 0.13742690058479531 0.12248628884826325 0.03508771929824561 0.054844606946983544
0 0.5365497076023391 0.07861060329067641 0.05847953216374269 0.03656307129798903
0 0.6374269005847952 0.07221206581352833 0.05263157894736842 0.031078610603290677
0 0.5665204678362573 0.39213893967093233 0.05116959064327485 0.04936014625228519
0 0.6176900584795322 0.4579524680073126 0.059941520467836254 0.056672760511883
0 0.32383040935672514 0.6462522851919561 0.06286549707602339 0.05301645338208409
0 0.1600877192982456 0.9680073126142595 0.054093567251461985 0.03473491773308958
0 0.5263157894736842 0.8180987202925045 0.04678362573099415 0.056672760511883
0 0.5716374269005847 0.8683729433272395 0.05555555555555555 0.06581352833638025
0 0.6191520467836257 0.9204753199268738 0.059941520467836254 0.06764168190127971
0 0.6681286549707602 0.9616087751371115 0.05555555555555555 0.062157221206581355
0 0.8698830409356725 0.4524680073126143 0.02631578947368421 0.06398537477148081
0 0.8589181286549707 0.5648994515539305 0.03070175438596491 0.07312614259597806
0 0.8538011695906432 0.6544789762340036 0.02631578947368421 0.06581352833638025
0 0.8318713450292398 0.8308957952468007 0.02631578947368421 0.06764168190127971
0 0.8845029239766081 0.643510054844607 0.03508771929824561 0.07678244972577697
0 0.9188596491228069 0.6224862888482633 0.033625730994152045 0.07861060329067641
0 0.8991228070175438 0.79981718464351 0.03216374269005848 0.07495429616087751
