0 0.3640350877192982 0.5676416819012797 0.05555555555555555 0.05301645338208409
0 0.2982456140350877 0.6051188299817185 0.05263157894736842 0.04753199268738574
0 0.13523391812865496 0.6380255941499086 0.06578947368421052 0.05850091407678245
0 0.2704678362573099 0.20749542961608775 0.04093567251461988 0.06764168190127971
0 0.2448830409356725 0.2623400365630713 0.04532163742690058 0.07495429616087751
0 0.1995614035087719 0.16270566727605118 0.039473684210526314 0.06946983546617916
0 0.2361111111111111 0.031992687385740404 0.04239766081871345 0.06398537477148081
0 0.05555555555555555 0.02376599634369287 0.05847953216374269 0.043875685557586835
0 0.19663742690058478 0.28244972577696525 0.03070175438596491 0.04570383912248629
0 0.1381578947368421 0.12248628884826325 0.033625730994152045 0.051188299817184646
0 0.5372807017543859 0.07678244972577697 0.05701754385964912 0.03290676416819013
0 0.638157894736842 0.07312614259597806 0.054093567251461985 0.03290676416819013
0 0.6242690058479532 0.3610603290676417 0.05263157894736842 0.05301645338208409
0 0.5621345029239766 0.4963436928702011 0.059941520467836254 0.056672760511883
0 0.26827485380116955 0.6773308957952467 0.06286549707602339 0.05301645338208409
0 0.1600877192982456 0.9689213893967094 0.05116959064327485 0.03656307129798903
0 0.5263157894736842 0.8190127970749543 0.04678362573099415 0.054844606946983544
0 0.5716374269005847 0.8711151736745887 0.05555555555555555 0.06764168190127971
0 0.6206140350877193 0.9213893967093236 0.05701754385964912 0.06581352833638025
0 0.6681286549707602 0.9643510054844607 0.05847953216374269 0.06398537477148081
0 0.8706140350877193 0.453382084095064 0.027777777777777776 0.06581352833638025
0 0.8589181286549707 0.5658135283363802 0.03070175438596491 0.07495429616087751
0 0.8552631578947368 0.6544789762340036 0.029239766081871343 0.062157221206581355
0 0.8326023391812865 0.8308957952468007 0.027777777777777776 0.0712979890310786
0 0.8859649122807017 0.6480804387568556 0.03508771929824561 0.07861060329067641
0 0.9203216374269005 0.623400365630713 0.033625730994152045 0.07678244972577697
0 0.9013157894736842 0.8016453382084096 0.03070175438596491 0.07495429616087751
