0 0.36915204678362573 0.5676416819012797 0.054093567251461985 0.04936014625228519
0 0.293859649122807 0.6124314442413162 0.05263157894736842 0.051188299817184646
0 0.29678362573099415 0.5548446069469836 0.06432748538011696 0.056672760511883
0 0.31359649122807015 0.3190127970749543 0.039473684210526314 0.06764168190127971
0 0.25 0.2623400365630713 0.04678362573099415 0.07495429616087751
0 0.2046783625730994 0.16453382084095064 0.038011695906432746 0.06946983546617916
0 0.2404970760233918 0.031992687385740404 0.04239766081871345 0.06764168190127971
0 0.059941520467836254 0.024680073126142597 0.05847953216374269 0.04936014625228519
0 0.2010233918128655 0.283363802559415 0.03070175438596491 0.04753199268738574
0 0.14327485380116958 0.12340036563071298 0.03216374269005848 0.04936014625228519
0 0.5423976608187134 0.07769652650822668 0.05555555555555555 0.03473491773308958
0 0.6440058479532164 0.07312614259597806 0.054093567251461985 0.03290676416819013
0 0.8019005847953216 0.2687385740402194 0.054093567251461985 0.051188299817184646
0 0.39400584795321636 0.6060329067641682 0.059941520467836254 0.05301645338208409
0 0.10380116959064327 0.7605118829981719 0.06432748538011696 0.051188299817184646
0 0.16666666666666666 0.9707495429616088 0.05555555555555555 0.03656307129798903
0 0.5314327485380117 0.819926873857404 0.04824561403508772 0.056672760511883
0 0.5789473684210527 0.870201096892139 0.05555555555555555 0.06581352833638025
0 0.6264619883040935 0.9213893967093236 0.05701754385964912 0.062157221206581355
0 0.6754385964912281 0.9643510054844607 0.05555555555555555 0.0603290676416819
0 0.8764619883040935 0.453382084095064 0.027777777777777776 0.06581352833638025
0 0.8669590643274854 0.5658135283363802 0.029239766081871343 0.07495429616087751
0 0.8603801169590642 0.6563071297989032 0.03070175438596491 0.062157221206581355
0 0.837719298245614 0.8336380255941499 0.029239766081871343 0.06946983546617916
0 0.8910818713450291 0.6544789762340036 0.03654970760233918 0.08043875685557587
0 0.9269005847953216 0.6224862888482633 0.03216374269005848 0.07861060329067641
0 0.9071637426900584 0.79981718464351 0.03070175438596491 0.07495429616087751
