0 0.36184210526315785 0.5676416819012797 0.05701754385964912 0.05301645338208409
0 0.29678362573099415 0.6069469835466179 0.05263157894736842 0.051188299817184646
0 0.2097953216374269 0.0740402193784278 0.04532163742690058 0.0712979890310786
0 0.24195906432748537 0.26416819012797077 0.04532163742690058 0.07495429616087751
0 0.195906432748538 0.1636197440585009 0.04093567251461988 0.0712979890310786
0 0.2324561403508772 0.033820840950639856 0.04093567251461988 0.06398537477148081
0 0.05116959064327485 0.02376599634369287 0.05847953216374269 0.043875685557586835
0 0.1915204678362573 0.28244972577696525 0.03216374269005848 0.04570383912248629
0 0.5343567251461988 0.07952468007312614 0.05701754385964912 0.03473491773308958
0 0.6330409356725146 0.07495429616087751 0.05263157894736842 0.03290676416819013
0 0.4502923976608187 0.4625228519195612 0.05263157894736842 0.051188299817184646
0 0.7273391812865496 0.386654478976234 0.059941520467836254 0.056672760511883
0 0.4327485380116959 0.5859232175502742 0.06432748538011696 0.056672760511883
0 0.15789473684210525 0.9707495429616088 0.05263157894736842 0.03656307129798903
0 0.5226608187134503 0.8208409506398537 0.04532163742690058 0.054844606946983544
0 0.5694444444444444 0.8711151736745887 0.054093567251461985 0.06398537477148081
0 0.6176900584795322 0.9213893967093236 0.059941520467836254 0.06581352833638025
0 0.665204678362573 0.9652650822669104 0.05847953216374269 0.062157221206581355
0 0.8662280701754386 0.45521023765996343 0.027777777777777776 0.06581352833638025
0 0.8508771929824561 0.6544789762340036 0.029239766081871343 0.06581352833638025
0 0.8282163742690059 0.8318098720292505 0.03070175438596491 0.07312614259597806
0 0.8830409356725146 0.6361974405850092 0.03216374269005848 0.07678244972577697
0 0.9144736842105262 0.6252285191956124 0.03070175438596491 0.07678244972577697
0 0.8969298245614035 0.8016453382084096 0.027777777777777776 0.0712979890310786
