0 0.36915204678362573 0.5676416819012797 0.054093567251461985 0.04936014625228519
0 0.28581871345029236 0.6142595978062158 0.054093567251461985 0.051188299817184646
0 0.34868421052631576 0.5246800731261426 0.06286549707602339 0.05850091407678245
0 0.32383040935672514 0.3436928702010969 0.04532163742690058 0.06581352833638025
0 0.25 0.263254113345521 0.04678362573099415 0.07312614259597806
0 0.20394736842105263 0.16270566727605118 0.039473684210526314 0.06946983546617916
0 0.23976608187134502 0.03016453382084095 0.04093567251461988 0.06398537477148081
0 0.05921052631578947 0.024680073126142597 0.059941520467836254 0.04936014625228519
0 0.2010233918128655 0.28244972577696525 0.03070175438596491 0.04570383912248629
0 0.14400584795321636 0.12340036563071298 0.033625730994152045 0.04936014625228519
0 0.5423976608187134 0.07678244972577697 0.05555555555555555 0.03656307129798903
0 0.6440058479532164 0.0740402193784278 0.054093567251461985 0.03473491773308958
0 0.8589181286549707 0.23857404021937842 0.054093567251461985 0.04936014625228519
0 0.3340643274853801 0.6389396709323583 0.059941520467836254 0.05301645338208409
0 0.046052631578947366 0.7870201096892139 0.059941520467836254 0.04936014625228519
0 0.16593567251461988 0.9689213893967094 0.054093567251461985 0.03656307129798903
0 0.5307017543859649 0.8190127970749543 0.049707602339181284 0.05850091407678245
0 0.5767543859649122 0.8692870201096892 0.05701754385964912 0.06764168190127971
0 0.625 0.9204753199268738 0.05701754385964912 0.06398537477148081
0 0.6754385964912281 0.9634369287020109 0.05555555555555555 0.062157221206581355
0 0.8771929824561403 0.4524680073126143 0.02631578947368421 0.06764168190127971
0 0.8654970760233918 0.5648994515539305 0.029239766081871343 0.07678244972577697
0 0.8603801169590642 0.6553930530164533 0.027777777777777776 0.0603290676416819
0 0.837719298245614 0.8308957952468007 0.029239766081871343 0.0712979890310786
0 0.8903508771929824 0.6553930530164533 0.038011695906432746 0.07861060329067641
0 0.9261695906432748 0.6224862888482633 0.033625730994152045 0.08226691042047532
0 0.9078947368421052 0.8007312614259597 0.03216374269005848 0.07312614259597806
