0 0.36915204678362573 0.56672760511883 0.05701754385964912 0.051188299817184646
0 0.2763157894736842 0.6215722120658135 0.05263157894736842 0.04753199268738574
0 0.39766081871345027 0.4963436928702011 0.06432748538011696 0.0603290676416819
0 0.3340643274853801 0.36654478976234006 0.05116959064327485 0.0603290676416819
0 0.24853801169590642 0.263254113345521 0.04678362573099415 0.07678244972577697
0 0.20394736842105263 0.16453382084095064 0.039473684210526314 0.06946983546617916
0 0.23976608187134502 0.031078610603290677 0.043859649122807015 0.06581352833638025
0 0.05921052631578947 0.024680073126142597 0.059941520467836254 0.04570383912248629
0 0.2010233918128655 0.28153564899451555 0.03070175438596491 0.04753199268738574
0 0.1425438596491228 0.12431444241316271 0.033625730994152045 0.051188299817184646
0 0.5409356725146198 0.07678244972577697 0.05555555555555555 0.03656307129798903
0 0.6425438596491228 0.07221206581352833 0.054093567251461985 0.03473491773308958
0 0.9173976608187134 0.2129798903107861 0.05701754385964912 0.05301645338208409
0 0.2741228070175438 0.6709323583180987 0.059941520467836254 0.051188299817184646
0 0.16593567251461988 0.9698354661791591 0.054093567251461985 0.03473491773308958
0 0.5307017543859649 0.8190127970749543 0.049707602339181284 0.05850091407678245
0 0.577485380116959 0.8711151736745887 0.05555555555555555 0.06764168190127971
0 0.625 0.9195612431444241 0.05701754385964912 0.062157221206581355
0 0.6761695906432749 0.9643510054844607 0.054093567251461985 0.0603290676416819
0 0.8771929824561403 0.453382084095064 0.029239766081871343 0.06581352833638025
0 0.8662280701754386 0.5648994515539305 0.03070175438596491 0.07678244972577697
0 0.8596491228070176 0.6563071297989032 0.029239766081871343 0.062157221206581355
0 0.8369883040935672 0.8308957952468007 0.03070175438596491 0.07495429616087751
0 0.8903508771929824 0.6572212065813529 0.038011695906432746 0.07861060329067641
0 0.9269005847953216 0.6215722120658135 0.029239766081871343 0.07678244972577697
0 0.908625730994152 0.8007312614259597 0.03070175438596491 0.07312614259597806
