0 0.3676900584795321 0.5639853747714808 0.05701754385964912 0.05301645338208409
0 0.2989766081871345 0.6051188299817185 0.054093567251461985 0.051188299817184646
0 0.24415204678362573 0.2623400365630713 0.04678362573099415 0.07495429616087751
0 0.1995614035087719 0.16179159049360145 0.04239766081871345 0.0712979890310786
0 0.2361111111111111 0.03016453382084095 0.04239766081871345 0.06398537477148081
0 0.054093567251461985 0.02376599634369287 0.05847953216374269 0.043875685557586835
0 0.195906432748538 0.283363802559415 0.03216374269005848 0.04753199268738574
0 0.5372807017543859 0.07769652650822668 0.05701754385964912 0.03473491773308958
0 0.6366959064327485 0.07221206581352833 0.05116959064327485 0.031078610603290677
0 0.39692982456140347 0.4963436928702011 0.05116959064327485 0.04936014625228519
0 0.7858187134502923 0.3482632541133455 0.059941520467836254 0.056672760511883
0 0.49049707602339176 0.5502742230347349 0.06286549707602339 0.054844606946983544
0 0.16154970760233917 0.9707495429616088 0.05116959064327485 0.03656307129798903
0 0.527046783625731 0.819926873857404 0.04532163742690058 0.056672760511883
0 0.5716374269005847 0.8711151736745887 0.05263157894736842 0.06398537477148081
0 0.6191520467836257 0.9204753199268738 0.05701754385964912 0.06764168190127971
0 0.6673976608187134 0.9634369287020109 0.059941520467836254 0.06581352833638025
0 0.8698830409356725 0.4524680073126143 0.02631578947368421 0.06398537477148081
0 0.8530701754385964 0.6526508226691042 0.03070175438596491 0.06581352833638025
0 0.8326023391812865 0.8308957952468007 0.03070175438596491 0.07495429616087751
0 0.8866959064327485 0.6270566727605119 0.027777777777777776 0.07678244972577697
0 0.9166666666666666 0.6261425959780621 0.029239766081871343 0.07861060329067641
0 0.8998538011695906 0.8025594149908593 0.027777777777777776 0.07312614259597806
