0 0.36915204678362573 0.5621572212065814 0.054093567251461985 0.0603290676416819
0 0.2982456140350877 0.6051188299817185 0.05263157894736842 0.051188299817184646
0 0.24342105263157893 0.263254113345521 0.04532163742690058 0.07312614259597806
0 0.19809941520467836 0.1636197440585009 0.04239766081871345 0.0712979890310786
0 0.23464912280701752 0.03290676416819013 0.04239766081871345 0.06581352833638025
0 0.05263157894736842 0.02376599634369287 0.05847953216374269 0.043875685557586835
0 0.19298245614035087 0.283363802559415 0.03216374269005848 0.04753199268738574
0 0.5350877192982456 0.07861060329067641 0.05555555555555555 0.03290676416819013
0 0.6330409356725146 0.07495429616087751 0.05263157894736842 0.03290676416819013
0 0.3369883040935672 0.5310786106032906 0.05116959064327485 0.05301645338208409
0 0.837719298245614 0.3153564899451554 0.05847953216374269 0.056672760511883
0 0.5431286549707602 0.5164533820840951 0.059941520467836254 0.05301645338208409
0 0.03289473684210526 0.7906764168190128 0.05701754385964912 0.04570383912248629
0 0.1593567251461988 0.9716636197440585 0.05263157894736842 0.03473491773308958
0 0.5248538011695906 0.819926873857404 0.04678362573099415 0.056672760511883
0 0.5679824561403508 0.8720292504570384 0.054093567251461985 0.06581352833638025
0 0.6169590643274854 0.9204753199268738 0.05555555555555555 0.06398537477148081
0 0.6644736842105263 0.9643510054844607 0.05701754385964912 0.06398537477148081
0 0.8662280701754386 0.45612431444241314 0.027777777777777776 0.06764168190127971
0 0.8494152046783625 0.6535648994515539 0.03216374269005848 0.06398537477148081
0 0.8282163742690059 0.8345521023765996 0.03070175438596491 0.0712979890310786
0 0.8837719298245613 0.6224862888482633 0.03070175438596491 0.07861060329067641
0 0.9144736842105262 0.6252285191956124 0.03070175438596491 0.08043875685557587
0 0.8969298245614035 0.8025594149908593 0.027777777777777776 0.07312614259597806
