0 0.37573099415204675 0.5374771480804388 0.043859649122807015 0.06946983546617916
0 0.30043859649122806 0.6051188299817185 0.054093567251461985 0.051188299817184646
0 0.24195906432748537 0.26416819012797077 0.04532163742690058 0.07495429616087751
0 0.19663742690058478 0.16453382084095064 0.04239766081871345 0.06946983546617916
0 0.2317251461988304 0.03473491773308958 0.04532163742690058 0.06581352833638025
0 0.05043859649122807 0.029250457038391225 0.054093567251461985 0.043875685557586835
0 0.1915204678362573 0.2851919561243144 0.03216374269005848 0.04753199268738574
0 0.5328947368421052 0.07952468007312614 0.05701754385964912 0.03473491773308958
0 0.6323099415204678 0.07495429616087751 0.054093567251461985 0.03290676416819013
0 0.21710526315789472 0.5996343692870201 0.05116959064327485 0.051188299817184646
0 0.9459064327485379 0.2513711151736746 0.05847953216374269 0.04936014625228519
0 0.6483918128654971 0.4460694698354662 0.059941520467836254 0.054844606946983544
0 0.1388888888888889 0.7440585009140768 0.05555555555555555 0.04753199268738574
0 0.15716374269005848 0.973491773308958 0.05116959064327485 0.03473491773308958
0 0.5248538011695906 0.8226691042047531 0.04678362573099415 0.05850091407678245
0 0.5665204678362573 0.8711151736745887 0.054093567251461985 0.06764168190127971
0 0.6162280701754386 0.9241316270566727 0.059941520467836254 0.06764168190127971
0 0.665204678362573 0.9652650822669104 0.05555555555555555 0.062157221206581355
0 0.8640350877192982 0.4570383912248629 0.02631578947368421 0.06581352833638025
0 0.8494152046783625 0.6544789762340036 0.029239766081871343 0.06581352833638025
0 0.8267543859649122 0.8336380255941499 0.03070175438596491 0.07312614259597806
0 0.8830409356725146 0.6069469835466179 0.029239766081871343 0.07678244972577697
0 0.9137426900584795 0.6261425959780621 0.029239766081871343 0.07861060329067641
0 0.894736842105263 0.8043875685557587 0.029239766081871343 0.07312614259597806
