0 0.36549707602339176 0.5557586837294333 0.049707602339181284 0.06581352833638025
0 0.2902046783625731 0.6087751371115173 0.05116959064327485 0.051188299817184646
0 0.24415204678362573 0.2659963436928702 0.04678362573099415 0.07861060329067641
0 0.19883040935672514 0.1663619744058501 0.04093567251461988 0.06946983546617916
0 0.23391812865497075 0.0356489945155393 0.04093567251461988 0.06398537477148081
0 0.05263157894736842 0.027422303473491772 0.05847953216374269 0.043875685557586835
0 0.19444444444444442 0.2870201096892139 0.029239766081871343 0.043875685557586835
0 0.527046783625731 0.08409506398537477 0.05701754385964912 0.03290676416819013
0 0.6257309941520468 0.07861060329067641 0.05263157894736842 0.03290676416819013
0 0.2711988304093567 0.5676416819012797 0.05116959064327485 0.04936014625228519
0 0.8845029239766081 0.2851919561243144 0.05847953216374269 0.054844606946983544
0 0.587719298245614 0.4853747714808044 0.06140350877192982 0.056672760511883
0 0.0884502923976608 0.7705667276051188 0.05701754385964912 0.04570383912248629
0 0.1600877192982456 0.9744058500914077 0.05116959064327485 0.03656307129798903
0 0.516812865497076 0.8244972577696527 0.04824561403508772 0.05850091407678245
0 0.5621345029239766 0.8747714808043876 0.05701754385964912 0.06764168190127971
0 0.6081871345029239 0.9250457038391224 0.05847953216374269 0.06946983546617916
0 0.6571637426900584 0.9670932358318098 0.05701754385964912 0.062157221206581355
0 0.8589181286549707 0.45886654478976235 0.027777777777777776 0.06581352833638025
0 0.8435672514619883 0.6563071297989032 0.029239766081871343 0.062157221206581355
0 0.8223684210526315 0.8354661791590493 0.027777777777777776 0.06946983546617916
0 0.8771929824561403 0.6179159049360147 0.029239766081871343 0.07678244972577697
0 0.9078947368421052 0.6279707495429616 0.03216374269005848 0.07861060329067641
0 0.8896198830409356 0.8062157221206582 0.03070175438596491 0.07312614259597806
