0 0.7538940809968847 0.5517241379310345 0.03115264797507788 0.04774535809018567
0 0.11876947040498442 0.8779840848806365 0.011682242990654205 0.09018567639257294
0 0.02453271028037383 0.2480106100795756 0.02570093457943925 0.03978779840848806
0 0.09151090342679127 0.1286472148541114 0.019470404984423675 0.09814323607427056
0 0.11643302180685358 0.03846153846153846 0.0132398753894081 0.08222811671087532
0 0.020638629283489095 0.5013262599469496 0.02881619937694704 0.042440318302387266
0 0.24922118380062305 0.6724137931034483 0.018691588785046728 0.10875331564986737
0 0.2102803738317757 0.396551724137931 0.01557632398753894 0.09814323607427056
0 0.3348909657320872 0.27320954907161804 0.03115264797507788 0.042440318302387266
0 0.4116043613707165 0.23209549071618035 0.02881619937694704 0.04509283819628647
0 0.37538940809968846 0.22413793103448273 0.0264797507788162 0.04509283819628647
0 0.338785046728972 0.21750663129973474 0.028037383177570093 0.042440318302387266
0 0.7223520249221184 0.30503978779840846 0.030373831775700934 0.04774535809018567
0 0.682632398753894 0.286472148541114 0.02570093457943925 0.04774535809018567
0 0.3792834890965732 0.28249336870026526 0.028037383177570093 0.04509283819628647
0 0.34813084112149534 0.3289124668435013 0.028037383177570093 0.042440318302387266
0 0.6440809968847352 0.2771883289124668 0.0264797507788162 0.04509283819628647
0 0.6129283489096573 0.2718832891246684 0.024922118380062305 0.03978779840848806
0 0.581386292834891 0.2692307692307692 0.030373831775700934 0.03978779840848806
0 0.5358255451713395 0.2586206896551724 0.029595015576323987 0.03978779840848806
0 0.881619937694704 0.19496021220159152 0.012461059190031152 0.08753315649867374
0 0.8831775700934579 0.09946949602122016 0.012461059190031152 0.07692307692307691
0 0.5872274143302181 0.376657824933687 0.03115264797507788 0.04774535809018567
0 0.6947040498442367 0.4177718832891246 0.0264797507788162 0.04509283819628647
0 0.793613707165109 0.4615384615384615 0.03582554517133956 0.05835543766578249
0 0.911214953271028 0.5318302387267905 0.03271028037383177 0.055702917771883284
0 0.8652647975077882 0.6710875331564986 0.028037383177570093 0.07427055702917772
0 0.32866043613707163 0.6273209549071618 0.029595015576323987 0.03978779840848806
0 0.36487538940809966 0.623342175066313 0.027258566978193146 0.042440318302387266
0 0.4252336448598131 0.6180371352785146 0.0264797507788162 0.042440318302387266
0 0.4575545171339564 0.6206896551724138 0.027258566978193146 0.04774535809018567
0 0.49493769470404986 0.6273209549071618 0.024143302180685357 0.04509283819628647
0 0.536214953271028 0.636604774535809 0.030373831775700934 0.042440318302387266
0 0.5704828660436136 0.6445623342175066 0.02570093457943925 0.04774535809018567
0 0.6133177570093458 0.6511936339522546 0.024143302180685357 0.03978779840848806
0 0.6401869158878505 0.6511936339522546 0.018691588785046728 0.03978779840848806
0 0.669392523364486 0.6591511936339522 0.030373831775700934 0.04509283819628647
0 0.7091121495327103 0.6710875331564986 0.030373831775700934 0.04774535809018567
0 0.7799844236760124 0.689655172413793 0.024143302180685357 0.04774535809018567
