0 0.5665887850467289 0.5238726790450928 0.031931464174454825 0.04509283819628647
0 0.12032710280373832 0.8779840848806365 0.011682242990654205 0.09018567639257294
0 0.08450155763239875 0.16843501326259946 0.02102803738317757 0.09814323607427056
0 0.0190809968847352 0.506631299734748 0.030373831775700934 0.042440318302387266
0 0.21767912772585668 0.5212201591511936 0.014797507788161994 0.08222811671087532
0 0.2515576323987539 0.942970822281167 0.014018691588785047 0.09283819628647215
0 0.3407320872274143 0.2745358090185676 0.030373831775700934 0.03978779840848806
0 0.41510903426791274 0.23209549071618035 0.03271028037383177 0.04509283819628647
0 0.37772585669781933 0.22546419098143236 0.024922118380062305 0.04774535809018567
0 0.34151090342679125 0.21883289124668434 0.030373831775700934 0.04509283819628647
0 0.7258566978193146 0.30503978779840846 0.03271028037383177 0.04774535809018567
0 0.6869158878504673 0.28514588859416445 0.0264797507788162 0.04509283819628647
0 0.44353582554517135 0.29708222811671087 0.02881619937694704 0.042440318302387266
0 0.37616822429906543 0.33421750663129973 0.028037383177570093 0.042440318302387266
0 0.6479750778816199 0.2771883289124668 0.0264797507788162 0.03978779840848806
0 0.616822429906542 0.27320954907161804 0.024922118380062305 0.042440318302387266
0 0.5848909657320872 0.27055702917771884 0.029595015576323987 0.03713527851458886
0 0.5389408099688473 0.259946949602122 0.029595015576323987 0.042440318302387266
0 0.8862928348909657 0.19496021220159152 0.012461059190031152 0.08753315649867374
0 0.8878504672897196 0.09946949602122016 0.012461059190031152 0.08222811671087532
0 0.8302180685358255 0.14854111405835543 0.012461059190031152 0.09549071618037135
0 0.7562305295950156 0.43633952254641906 0.03271028037383177 0.055702917771883284
0 0.8621495327102804 0.49469496021220155 0.0264797507788162 0.05039787798408488
0 0.971183800623053 0.553050397877984 0.03582554517133956 0.06100795755968169
0 0.8676012461059189 0.6737400530503979 0.028037383177570093 0.07427055702917772
0 0.3309968847352025 0.6259946949602122 0.03115264797507788 0.042440318302387266
0 0.36682242990654207 0.623342175066313 0.028037383177570093 0.042440318302387266
0 0.4275700934579439 0.6180371352785146 0.024922118380062305 0.03713527851458886
0 0.4614485981308411 0.6220159151193634 0.02570093457943925 0.03978779840848806
0 0.4984423676012461 0.6259946949602122 0.0264797507788162 0.042440318302387266
0 0.5381619937694704 0.636604774535809 0.03115264797507788 0.042440318302387266
0 0.573208722741433 0.6445623342175066 0.024922118380062305 0.04774535809018567
0 0.6160436137071651 0.6511936339522546 0.0264797507788162 0.04509283819628647
0 0.6433021806853583 0.6525198938992042 0.018691588785046728 0.042440318302387266
0 0.6705607476635513 0.6604774535809018 0.029595015576323987 0.03713527851458886
0 0.7122274143302181 0.6724137931034483 0.030373831775700934 0.04509283819628647
0 0.7830996884735202 0.6870026525198939 0.024143302180685357 0.04774535809018567
