0 0.4532710280373832 0.5159151193633952 0.03271028037383177 0.04509283819628647
0 0.12227414330218069 0.8806366047745358 0.012461059190031152 0.09018567639257294
0 0.09423676012461059 0.10742705570291777 0.014018691588785047 0.09814323607427056
0 0.02219626168224299 0.5053050397877984 0.030373831775700934 0.03978779840848806
0 0.21690031152647973 0.43103448275862066 0.014797507788161994 0.08753315649867374
0 0.23442367601246106 0.8819628647214853 0.01557632398753894 0.08222811671087532
0 0.3590342679127726 0.28116710875331563 0.03115264797507788 0.042440318302387266
0 0.41939252336448596 0.23607427055702918 0.030373831775700934 0.04774535809018567
0 0.38161993769470404 0.22944297082228116 0.0264797507788162 0.04509283819628647
0 0.34462616822429903 0.22148541114058354 0.030373831775700934 0.04509283819628647
0 0.7309190031152648 0.3103448275862069 0.03348909657320872 0.05305039787798408
0 0.6911993769470405 0.2917771883289125 0.027258566978193146 0.04774535809018567
0 0.5070093457943925 0.3116710875331565 0.029595015576323987 0.04509283819628647
0 0.41043613707165105 0.3448275862068965 0.029595015576323987 0.04774535809018567
0 0.6518691588785046 0.28116710875331563 0.028037383177570093 0.042440318302387266
0 0.6203271028037383 0.27984084880636606 0.02570093457943925 0.04509283819628647
0 0.5891744548286604 0.27586206896551724 0.02881619937694704 0.042440318302387266
0 0.5432242990654206 0.259946949602122 0.030373831775700934 0.042440318302387266
0 0.8909657320872274 0.2015915119363395 0.014018691588785047 0.09018567639257294
0 0.8929127725856698 0.10477453580901856 0.011682242990654205 0.08222811671087532
0 0.8352803738317757 0.14986737400530503 0.0132398753894081 0.10344827586206896
0 0.8372274143302181 0.03713527851458886 0.010903426791277258 0.07427055702917772
0 0.8913551401869159 0.5092838196286472 0.030373831775700934 0.05835543766578249
0 0.9890965732087227 0.5676392572944297 0.020249221183800622 0.04774535809018567
0 0.8691588785046729 0.6737400530503979 0.029595015576323987 0.07427055702917772
0 0.3337227414330218 0.629973474801061 0.030373831775700934 0.04509283819628647
0 0.36993769470404986 0.6273209549071618 0.029595015576323987 0.03978779840848806
0 0.4302959501557632 0.6206896551724138 0.027258566978193146 0.042440318302387266
0 0.46417445482866043 0.6246684350132625 0.0264797507788162 0.04509283819628647
0 0.5015576323987538 0.6326259946949602 0.024922118380062305 0.04509283819628647
0 0.5412772585669782 0.6392572944297082 0.03115264797507788 0.04774535809018567
0 0.5759345794392523 0.649867374005305 0.02570093457943925 0.04774535809018567
0 0.6191588785046729 0.6551724137931034 0.0264797507788162 0.042440318302387266
0 0.6464174454828661 0.6591511936339522 0.018691588785046728 0.03978779840848806
0 0.6748442367601246 0.6671087533156498 0.031931464174454825 0.04509283819628647
0 0.7157320872274143 0.6777188328912467 0.029595015576323987 0.04509283819628647
0 0.7866043613707165 0.6923076923076923 0.02336448598130841 0.04774535809018567
