0 0.13239875389408098 0.37267904509283817 0.017133956386292833 0.09814323607427056
0 0.23286604361370716 0.5848806366047745 0.018691588785046728 0.10875331564986737
0 0.29517133956386293 0.5477453580901857 0.03426791277258567 0.09283819628647215
0 0.12850467289719625 0.8713527851458885 0.01557632398753894 0.09283819628647215
0 0.025311526479750778 0.493368700265252 0.031931464174454825 0.042440318302387266
0 0.43886292834890966 0.28779840848806365 0.03348909657320872 0.03978779840848806
0 0.42718068535825543 0.22811671087533156 0.02881619937694704 0.042440318302387266
0 0.39135514018691586 0.22015915119363394 0.02570093457943925 0.042440318302387266
0 0.35358255451713394 0.21352785145888592 0.029595015576323987 0.04509283819628647
0 0.7402647975077882 0.3010610079575597 0.03348909657320872 0.04509283819628647
0 0.7009345794392523 0.28514588859416445 0.028037383177570093 0.04509283819628647
0 0.6725077881619937 0.35013262599469497 0.02881619937694704 0.04774535809018567
0 0.536214953271028 0.36339522546419095 0.030373831775700934 0.03713527851458886
0 0.6608255451713395 0.27320954907161804 0.02881619937694704 0.04774535809018567
0 0.6288940809968847 0.2718832891246684 0.024143302180685357 0.034482758620689655
0 0.5973520249221184 0.2679045092838196 0.029595015576323987 0.042440318302387266
0 0.5517912772585669 0.2546419098143236 0.02881619937694704 0.03713527851458886
0 0.8999221183800623 0.1989389920424403 0.0132398753894081 0.09018567639257294
0 0.844626168224299 0.14588859416445624 0.0132398753894081 0.09018567639257294
0 0.8481308411214953 0.03183023872679045 0.010903426791277258 0.06896551724137931
0 0.8263239875389408 0.6153846153846153 0.03115264797507788 0.042440318302387266
0 0.34034267912772587 0.6220159151193634 0.03271028037383177 0.04509283819628647
0 0.3765576323987539 0.6193633952254641 0.031931464174454825 0.03978779840848806
0 0.43730529595015577 0.6153846153846153 0.027258566978193146 0.042440318302387266
0 0.4719626168224299 0.6180371352785146 0.028037383177570093 0.042440318302387266
0 0.5085669781931464 0.6246684350132625 0.0264797507788162 0.04509283819628647
0 0.5482866043613707 0.636604774535809 0.03115264797507788 0.04774535809018567
0 0.5833333333333334 0.6419098143236074 0.0264797507788162 0.042440318302387266
0 0.625 0.6472148541114058 0.027258566978193146 0.042440318302387266
0 0.6530373831775701 0.6472148541114058 0.019470404984423675 0.04774535809018567
0 0.6814641744548287 0.6578249336870026 0.03426791277258567 0.042440318302387266
0 0.7239096573208722 0.669761273209549 0.031931464174454825 0.05039787798408488
0 0.794392523364486 0.6830238726790451 0.0264797507788162 0.03978779840848806
0 0.014018691588785047 0.4230769230769231 0.029595015576323987 0.05039787798408488
