0 0.507398753894081 0.5225464190981433 0.031931464174454825 0.04774535809018567
0 0.12149532710280374 0.8806366047745358 0.012461059190031152 0.09018567639257294
0 0.0911214953271028 0.129973474801061 0.01557632398753894 0.09549071618037135
0 0.02102803738317757 0.5053050397877984 0.029595015576323987 0.03978779840848806
0 0.20677570093457942 0.17639257294429708 0.014797507788161994 0.08753315649867374
0 0.22741433021806853 0.7082228116710875 0.01557632398753894 0.08488063660477453
0 0.34813084112149534 0.28116710875331563 0.03115264797507788 0.042440318302387266
0 0.41783489096573206 0.23607427055702918 0.030373831775700934 0.042440318302387266
0 0.38006230529595014 0.22811671087533156 0.0264797507788162 0.042440318302387266
0 0.3426791277258567 0.22015915119363394 0.029595015576323987 0.04774535809018567
0 0.7293613707165109 0.3063660477453581 0.03348909657320872 0.055702917771883284
0 0.6900311526479751 0.28514588859416445 0.0264797507788162 0.04509283819628647
0 0.47468847352024923 0.30503978779840846 0.02881619937694704 0.042440318302387266
0 0.3917445482866044 0.3395225464190981 0.029595015576323987 0.042440318302387266
0 0.6503115264797508 0.27984084880636606 0.0264797507788162 0.03978779840848806
0 0.6187694704049844 0.2771883289124668 0.02570093457943925 0.04509283819628647
0 0.5864485981308412 0.2745358090185676 0.029595015576323987 0.03978779840848806
0 0.5412772585669782 0.2625994694960212 0.029595015576323987 0.042440318302387266
0 0.8886292834890965 0.1976127320954907 0.010903426791277258 0.09283819628647215
0 0.8909657320872274 0.09814323607427056 0.012461059190031152 0.08488063660477453
0 0.8333333333333333 0.14588859416445624 0.012461059190031152 0.10079575596816975
0 0.822429906542056 0.4668435013262599 0.03115264797507788 0.05835543766578249
0 0.92601246105919 0.5291777188328912 0.0264797507788162 0.05039787798408488
0 0.8695482866043613 0.6710875331564986 0.02881619937694704 0.07957559681697612
0 0.33294392523364486 0.629973474801061 0.030373831775700934 0.04509283819628647
0 0.36799065420560745 0.6259946949602122 0.02881619937694704 0.042440318302387266
0 0.4287383177570093 0.6193633952254641 0.027258566978193146 0.04509283819628647
0 0.46261682242990654 0.6246684350132625 0.028037383177570093 0.04509283819628647
0 0.5 0.6326259946949602 0.0264797507788162 0.04509283819628647
0 0.5408878504672897 0.6392572944297082 0.031931464174454825 0.042440318302387266
0 0.5751557632398754 0.6472148541114058 0.024143302180685357 0.042440318302387266
0 0.6179906542056075 0.6511936339522546 0.027258566978193146 0.03978779840848806
0 0.6452492211838006 0.6538461538461539 0.01791277258566978 0.03978779840848806
0 0.6744548286604362 0.6604774535809018 0.03115264797507788 0.042440318302387266
0 0.7145638629283488 0.6724137931034483 0.02881619937694704 0.04509283819628647
0 0.7850467289719626 0.6870026525198939 0.02336448598130841 0.04774535809018567
