0 0.1308411214953271 0.4509283819628647 0.017133956386292833 0.09549071618037135
0 0.22585669781931464 0.4761273209549071 0.020249221183800622 0.10875331564986737
0 0.3068535825545171 0.53315649867374 0.03582554517133956 0.07957559681697612
0 0.12577881619937695 0.8740053050397878 0.014797507788161994 0.08753315649867374
0 0.02219626168224299 0.4986737400530504 0.03348909657320872 0.042440318302387266
0 0.42406542056074764 0.2917771883289125 0.031931464174454825 0.042440318302387266
0 0.4244548286604361 0.23076923076923075 0.029595015576323987 0.042440318302387266
0 0.3882398753894081 0.22281167108753314 0.027258566978193146 0.042440318302387266
0 0.3508566978193146 0.21618037135278514 0.030373831775700934 0.04509283819628647
0 0.7371495327102804 0.30503978779840846 0.03348909657320872 0.05305039787798408
0 0.697429906542056 0.28514588859416445 0.027258566978193146 0.04509283819628647
0 0.6464174454828661 0.3474801061007957 0.029595015576323987 0.04774535809018567
0 0.5144080996884735 0.36339522546419095 0.030373831775700934 0.042440318302387266
0 0.6580996884735202 0.2771883289124668 0.028037383177570093 0.04509283819628647
0 0.6261682242990654 0.2745358090185676 0.024922118380062305 0.03978779840848806
0 0.5942367601246106 0.2718832891246684 0.029595015576323987 0.03978779840848806
0 0.5482866043613707 0.2586206896551724 0.028037383177570093 0.03978779840848806
0 0.897196261682243 0.1989389920424403 0.014018691588785047 0.09018567639257294
0 0.8999221183800623 0.10079575596816975 0.0132398753894081 0.07957559681697612
0 0.8419003115264797 0.14854111405835543 0.012461059190031152 0.09549071618037135
0 0.844626168224299 0.03580901856763925 0.011682242990654205 0.0663129973474801
0 0.8317757009345794 0.6220159151193634 0.03115264797507788 0.03978779840848806
0 0.33761682242990654 0.6246684350132625 0.031931464174454825 0.04509283819628647
0 0.3734423676012461 0.6206896551724138 0.030373831775700934 0.03713527851458886
0 0.43457943925233644 0.6153846153846153 0.028037383177570093 0.042440318302387266
0 0.46806853582554514 0.6206896551724138 0.028037383177570093 0.042440318302387266
0 0.5050623052959501 0.6259946949602122 0.02570093457943925 0.042440318302387266
0 0.5463395638629284 0.636604774535809 0.031931464174454825 0.04774535809018567
0 0.5802180685358256 0.6458885941644562 0.024922118380062305 0.03978779840848806
0 0.6226635514018691 0.6511936339522546 0.027258566978193146 0.03978779840848806
0 0.6507009345794392 0.6525198938992042 0.019470404984423675 0.04774535809018567
0 0.6791277258566978 0.6604774535809018 0.03271028037383177 0.042440318302387266
0 0.720404984423676 0.6737400530503979 0.03115264797507788 0.04774535809018567
0 0.7912772585669782 0.6883289124668435 0.024922118380062305 0.03978779840848806
