0 0.13278816199376947 0.3090185676392573 0.016355140186915886 0.10344827586206896
0 0.23714953271028036 0.689655172413793 0.01791277258566978 0.10610079575596816
0 0.2842679127725857 0.5782493368700264 0.03115264797507788 0.10079575596816975
0 0.13045171339563863 0.8766578249336869 0.016355140186915886 0.09283819628647215
0 0.026869158878504672 0.5 0.031931464174454825 0.03978779840848806
0 0.4524922118380062 0.29575596816976124 0.03271028037383177 0.05039787798408488
0 0.4291277258566978 0.23342175066312995 0.029595015576323987 0.042440318302387266
0 0.39291277258566976 0.22546419098143236 0.027258566978193146 0.042440318302387266
0 0.3559190031152648 0.22015915119363394 0.029595015576323987 0.04774535809018567
0 0.7426012461059189 0.3090185676392573 0.03348909657320872 0.055702917771883284
0 0.7021028037383177 0.29045092838196285 0.027258566978193146 0.04509283819628647
0 0.6978193146417445 0.3673740053050398 0.029595015576323987 0.05039787798408488
0 0.5552959501557633 0.37267904509283817 0.029595015576323987 0.04509283819628647
0 0.6631619937694704 0.28116710875331563 0.02881619937694704 0.042440318302387266
0 0.6300623052959501 0.2771883289124668 0.024922118380062305 0.03978779840848806
0 0.5989096573208722 0.27320954907161804 0.029595015576323987 0.042440318302387266
0 0.552570093457944 0.259946949602122 0.02881619937694704 0.042440318302387266
0 0.846183800623053 0.15119363395225463 0.0132398753894081 0.09549071618037135
0 0.8492990654205608 0.034482758620689655 0.011682242990654205 0.06896551724137931
0 0.8200934579439252 0.6220159151193634 0.03115264797507788 0.04509283819628647
0 0.34306853582554514 0.6286472148541113 0.031931464174454825 0.042440318302387266
0 0.3788940809968847 0.6246684350132625 0.031931464174454825 0.03978779840848806
0 0.4396417445482866 0.6193633952254641 0.027258566978193146 0.034482758620689655
0 0.4735202492211838 0.6220159151193634 0.028037383177570093 0.03978779840848806
0 0.5097352024922118 0.6312997347480106 0.02881619937694704 0.042440318302387266
0 0.55101246105919 0.6405835543766578 0.03348909657320872 0.04509283819628647
0 0.5848909657320872 0.6458885941644562 0.0264797507788162 0.04509283819628647
0 0.6281152647975078 0.6551724137931034 0.027258566978193146 0.03713527851458886
0 0.6549844236760124 0.6551724137931034 0.020249221183800622 0.04774535809018567
0 0.6830218068535825 0.6657824933687002 0.03426791277258567 0.042440318302387266
0 0.7262461059190031 0.6750663129973474 0.031931464174454825 0.04509283819628647
0 0.7955607476635513 0.6923076923076923 0.024143302180685357 0.042440318302387266
0 0.01440809968847352 0.42838196286472147 0.030373831775700934 0.05039787798408488
