0 0.13473520249221183 0.6127320954907162 0.017133956386292833 0.10079575596816975
0 0.21573208722741433 0.24137931034482757 0.020249221183800622 0.10610079575596816
0 0.3407320872274143 0.5106100795755968 0.035046728971962614 0.06100795755968169
0 0.12422118380062305 0.8779840848806365 0.014797507788161994 0.08488063660477453
0 0.09774143302180685 0.05305039787798408 0.014797507788161994 0.09018567639257294
0 0.022585669781931463 0.5 0.03271028037383177 0.04509283819628647
0 0.4010903426791277 0.286472148541114 0.03115264797507788 0.042440318302387266
0 0.4232866043613707 0.23209549071618035 0.030373831775700934 0.04509283819628647
0 0.3862928348909657 0.22413793103448273 0.0264797507788162 0.04509283819628647
0 0.3485202492211838 0.21750663129973474 0.030373831775700934 0.04774535809018567
0 0.735202492211838 0.30769230769230765 0.03426791277258567 0.05305039787798408
0 0.6958722741433022 0.286472148541114 0.027258566978193146 0.042440318302387266
0 0.6016355140186915 0.3355437665782493 0.030373831775700934 0.05039787798408488
0 0.4789719626168224 0.35676392572944293 0.029595015576323987 0.03978779840848806
0 0.6565420560747663 0.27851458885941643 0.028037383177570093 0.042440318302387266
0 0.625 0.2745358090185676 0.024143302180685357 0.03978779840848806
0 0.5926791277258567 0.2718832891246684 0.029595015576323987 0.03978779840848806
0 0.5471183800623053 0.259946949602122 0.02881619937694704 0.042440318302387266
0 0.8960280373831776 0.1989389920424403 0.014797507788161994 0.09018567639257294
0 0.8987538940809968 0.09946949602122016 0.014018691588785047 0.08222811671087532
0 0.8391744548286604 0.15119363395225463 0.0132398753894081 0.09549071618037135
0 0.8430685358255452 0.03315649867374005 0.010124610591900311 0.0663129973474801
0 0.8465732087227414 0.629973474801061 0.03115264797507788 0.04509283819628647
0 0.3372274143302181 0.6259946949602122 0.03271028037383177 0.042440318302387266
0 0.37266355140186913 0.6206896551724138 0.030373831775700934 0.03713527851458886
0 0.433411214953271 0.6180371352785146 0.027258566978193146 0.042440318302387266
0 0.46651090342679125 0.6220159151193634 0.028037383177570093 0.03978779840848806
0 0.5042834890965732 0.6259946949602122 0.02570093457943925 0.04774535809018567
0 0.5455607476635513 0.6379310344827586 0.031931464174454825 0.04509283819628647
0 0.5790498442367601 0.6445623342175066 0.02570093457943925 0.04774535809018567
0 0.6214953271028038 0.6525198938992042 0.0264797507788162 0.042440318302387266
0 0.6491433021806854 0.6538461538461539 0.019470404984423675 0.04509283819628647
0 0.677570093457944 0.6618037135278514 0.03271028037383177 0.03978779840848806
0 0.7192367601246106 0.6737400530503979 0.030373831775700934 0.04774535809018567
0 0.7901090342679128 0.689655172413793 0.024143302180685357 0.04774535809018567
