0 0.661993769470405 0.5358090185676392 0.03115264797507788 0.04774535809018567
0 0.12032710280373832 0.8779840848806365 0.011682242990654205 0.09018567639257294
0 0.06542056074766354 0.22413793103448273 0.0264797507788162 0.07692307692307691
0 0.09890965732087227 0.04509283819628647 0.012461059190031152 0.09018567639257294
0 0.021806853582554516 0.5053050397877984 0.029595015576323987 0.03978779840848806
0 0.205607476635514 0.21352785145888592 0.01557632398753894 0.08753315649867374
0 0.2468847352024922 0.7771883289124668 0.012461059190031152 0.09549071618037135
0 0.2250778816199377 0.7307692307692307 0.01557632398753894 0.09814323607427056
0 0.33761682242990654 0.2745358090185676 0.030373831775700934 0.04509283819628647
0 0.4143302180685358 0.23209549071618035 0.03115264797507788 0.04509283819628647
0 0.3781152647975078 0.22546419098143236 0.02570093457943925 0.04774535809018567
0 0.3411214953271028 0.21750663129973474 0.029595015576323987 0.04774535809018567
0 0.7258566978193146 0.30238726790450926 0.03271028037383177 0.05305039787798408
0 0.6857476635514018 0.28514588859416445 0.02570093457943925 0.04509283819628647
0 0.4061526479750779 0.29045092838196285 0.02881619937694704 0.04509283819628647
0 0.3621495327102804 0.33156498673740054 0.028037383177570093 0.042440318302387266
0 0.6468068535825545 0.27851458885941643 0.02570093457943925 0.042440318302387266
0 0.6160436137071651 0.27320954907161804 0.024922118380062305 0.042440318302387266
0 0.5837227414330218 0.2692307692307692 0.02881619937694704 0.03978779840848806
0 0.5389408099688473 0.2586206896551724 0.029595015576323987 0.03978779840848806
0 0.8847352024922118 0.19496021220159152 0.012461059190031152 0.08753315649867374
0 0.8866822429906542 0.09946949602122016 0.011682242990654205 0.08222811671087532
0 0.8294392523364486 0.15119363395225463 0.012461059190031152 0.08488063660477453
0 0.6674454828660435 0.403183023872679 0.03115264797507788 0.05305039787798408
0 0.7741433021806854 0.4496021220159151 0.0264797507788162 0.04509283819628647
0 0.8781152647975078 0.5026525198938991 0.035046728971962614 0.06100795755968169
0 0.8679906542056075 0.6737400530503979 0.02881619937694704 0.07427055702917772
0 0.3309968847352025 0.6259946949602122 0.03115264797507788 0.042440318302387266
0 0.36682242990654207 0.6220159151193634 0.028037383177570093 0.03978779840848806
0 0.42679127725856697 0.6180371352785146 0.0264797507788162 0.042440318302387266
0 0.4598909657320872 0.6220159151193634 0.027258566978193146 0.04509283819628647
0 0.49766355140186913 0.6286472148541113 0.024922118380062305 0.042440318302387266
0 0.5381619937694704 0.6379310344827586 0.03115264797507788 0.04509283819628647
0 0.5720404984423676 0.6445623342175066 0.02570093457943925 0.04774535809018567
0 0.6152647975077882 0.649867374005305 0.0264797507788162 0.042440318302387266
0 0.6421339563862928 0.6538461538461539 0.019470404984423675 0.03978779840848806
0 0.6717289719626168 0.6631299734748011 0.030373831775700934 0.042440318302387266
0 0.7122274143302181 0.6737400530503979 0.031931464174454825 0.04774535809018567
0 0.7834890965732088 0.689655172413793 0.02336448598130841 0.04774535809018567
