0 0.1413551401869159 0.7904509283819628 0.016355140186915886 0.10079575596816975
0 0.382398753894081 0.506631299734748 0.03271028037383177 0.04774535809018567
0 0.12422118380062305 0.8779840848806365 0.0132398753894081 0.09018567639257294
0 0.09540498442367601 0.07427055702917772 0.014797507788161994 0.09549071618037135
0 0.02219626168224299 0.5039787798408488 0.030373831775700934 0.042440318302387266
0 0.23130841121495327 0.7718832891246684 0.01557632398753894 0.08488063660477453
0 0.3808411214953271 0.2838196286472148 0.03115264797507788 0.042440318302387266
0 0.4217289719626168 0.23342175066312995 0.030373831775700934 0.042440318302387266
0 0.3847352024922118 0.22679045092838196 0.0264797507788162 0.04509283819628647
0 0.34735202492211836 0.22148541114058354 0.029595015576323987 0.05039787798408488
0 0.7336448598130841 0.3090185676392573 0.03271028037383177 0.05039787798408488
0 0.6947040498442367 0.29045092838196285 0.0264797507788162 0.04509283819628647
0 0.5607476635514018 0.3249336870026525 0.029595015576323987 0.04509283819628647
0 0.4478193146417445 0.35145888594164454 0.029595015576323987 0.03978779840848806
0 0.6545950155763239 0.27984084880636606 0.027258566978193146 0.03978779840848806
0 0.6230529595015576 0.2771883289124668 0.024922118380062305 0.03978779840848806
0 0.5907320872274143 0.2745358090185676 0.02881619937694704 0.04509283819628647
0 0.5459501557632399 0.2612732095490716 0.029595015576323987 0.03978779840848806
0 0.8940809968847352 0.2015915119363395 0.014018691588785047 0.09018567639257294
0 0.897196261682243 0.10212201591511935 0.014018691588785047 0.07692307692307691
0 0.8383956386292835 0.14986737400530503 0.0132398753894081 0.09814323607427056
0 0.8411214953271028 0.034482758620689655 0.010903426791277258 0.06896551724137931
0 0.860202492211838 0.6485411140583554 0.030373831775700934 0.06100795755968169
0 0.3356697819314642 0.6286472148541113 0.03271028037383177 0.04774535809018567
0 0.3718847352024922 0.623342175066313 0.030373831775700934 0.042440318302387266
0 0.43224299065420557 0.6193633952254641 0.0264797507788162 0.03978779840848806
0 0.4657320872274143 0.6246684350132625 0.028037383177570093 0.03978779840848806
0 0.5035046728971962 0.629973474801061 0.02570093457943925 0.04509283819628647
0 0.5440031152647975 0.6405835543766578 0.031931464174454825 0.04509283819628647
0 0.5778816199376947 0.6472148541114058 0.0264797507788162 0.04774535809018567
0 0.6207165109034267 0.6551724137931034 0.0264797507788162 0.042440318302387266
0 0.647196261682243 0.6578249336870026 0.018691588785046728 0.042440318302387266
0 0.6767912772585669 0.6657824933687002 0.03271028037383177 0.04774535809018567
0 0.7180685358255452 0.6777188328912467 0.03115264797507788 0.04509283819628647
0 0.7889408099688473 0.6909814323607427 0.024922118380062305 0.04509283819628647
