0 0.47858255451713394 0.5225464190981433 0.031931464174454825 0.04774535809018567
0 0.12032710280373832 0.883289124668435 0.0132398753894081 0.09018567639257294
0 0.09151090342679127 0.123342175066313 0.014797507788161994 0.09283819628647215
0 0.01985981308411215 0.5079575596816975 0.030373831775700934 0.04509283819628647
0 0.2102803738317757 0.3090185676392573 0.01557632398753894 0.08753315649867374
0 0.22975077881619937 0.7984084880636604 0.014018691588785047 0.08488063660477453
0 0.3512461059190031 0.2838196286472148 0.03115264797507788 0.042440318302387266
0 0.41705607476635514 0.23872679045092837 0.030373831775700934 0.04774535809018567
0 0.3796728971962617 0.23209549071618035 0.02570093457943925 0.04509283819628647
0 0.3426791277258567 0.22281167108753314 0.029595015576323987 0.04774535809018567
0 0.7285825545171339 0.3129973474801061 0.03348909657320872 0.05305039787798408
0 0.6888629283489096 0.29310344827586204 0.027258566978193146 0.04509283819628647
0 0.48987538940809966 0.3129973474801061 0.028037383177570093 0.042440318302387266
0 0.3987538940809969 0.3448275862068965 0.029595015576323987 0.042440318302387266
0 0.6495327102803738 0.28514588859416445 0.028037383177570093 0.04509283819628647
0 0.6179906542056075 0.27984084880636606 0.02570093457943925 0.04509283819628647
0 0.5864485981308412 0.2771883289124668 0.029595015576323987 0.03978779840848806
0 0.5412772585669782 0.2652519893899204 0.03115264797507788 0.042440318302387266
0 0.889018691588785 0.2015915119363395 0.0132398753894081 0.09018567639257294
0 0.8913551401869159 0.10212201591511935 0.0132398753894081 0.08222811671087532
0 0.8329439252336448 0.14854111405835543 0.011682242990654205 0.10079575596816975
0 0.8555295950155763 0.48938992042440316 0.030373831775700934 0.055702917771883284
0 0.9567757009345794 0.5503978779840849 0.02570093457943925 0.05039787798408488
0 0.868380062305296 0.6737400530503979 0.03115264797507788 0.07957559681697612
0 0.3321651090342679 0.6339522546419097 0.030373831775700934 0.042440318302387266
0 0.36799065420560745 0.6312997347480106 0.030373831775700934 0.042440318302387266
0 0.42834890965732086 0.623342175066313 0.0264797507788162 0.03713527851458886
0 0.4614485981308411 0.6273209549071618 0.02570093457943925 0.03978779840848806
0 0.49883177570093457 0.6339522546419097 0.02570093457943925 0.042440318302387266
0 0.5389408099688473 0.6419098143236074 0.03115264797507788 0.04774535809018567
0 0.57398753894081 0.6525198938992042 0.0264797507788162 0.04774535809018567
0 0.6164330218068536 0.6591511936339522 0.027258566978193146 0.04509283819628647
0 0.6433021806853583 0.6604774535809018 0.018691588785046728 0.042440318302387266
0 0.6725077881619937 0.6657824933687002 0.03348909657320872 0.042440318302387266
0 0.7141744548286604 0.6790450928381963 0.029595015576323987 0.04774535809018567
0 0.7846573208722741 0.689655172413793 0.024143302180685357 0.04774535809018567
