0 0.42718068535825543 0.513262599469496 0.03348909657320872 0.04509283819628647
0 0.12227414330218069 0.8779840848806365 0.012461059190031152 0.09018567639257294
0 0.09501557632398754 0.09416445623342175 0.014018691588785047 0.09814323607427056
0 0.02102803738317757 0.5039787798408488 0.03115264797507788 0.042440318302387266
0 0.22118380062305296 0.5490716180371352 0.014018691588785047 0.09018567639257294
0 0.2363707165109034 0.9615384615384615 0.014797507788161994 0.0663129973474801
0 0.36409657320872274 0.27851458885941643 0.031931464174454825 0.042440318302387266
0 0.41861370716510904 0.23342175066312995 0.030373831775700934 0.04774535809018567
0 0.38161993769470404 0.22546419098143236 0.024922118380062305 0.042440318302387266
0 0.34462616822429903 0.21750663129973474 0.030373831775700934 0.05305039787798408
0 0.7309190031152648 0.30769230769230765 0.03348909657320872 0.04774535809018567
0 0.6911993769470405 0.28779840848806365 0.027258566978193146 0.05039787798408488
0 0.5233644859813084 0.3129973474801061 0.029595015576323987 0.04774535809018567
0 0.42095015576323985 0.34350132625994695 0.030373831775700934 0.04509283819628647
0 0.6518691588785046 0.27984084880636606 0.028037383177570093 0.04509283819628647
0 0.6199376947040498 0.27320954907161804 0.024922118380062305 0.042440318302387266
0 0.5891744548286604 0.2718832891246684 0.030373831775700934 0.03978779840848806
0 0.5428348909657321 0.259946949602122 0.029595015576323987 0.042440318302387266
0 0.8909657320872274 0.2002652519893899 0.014018691588785047 0.09283819628647215
0 0.8936915887850467 0.09946949602122016 0.0132398753894081 0.08222811671087532
0 0.8352803738317757 0.14986737400530503 0.0132398753894081 0.09814323607427056
0 0.8376168224299065 0.034482758620689655 0.010124610591900311 0.06896551724137931
0 0.9264018691588785 0.5251989389920424 0.031931464174454825 0.05305039787798408
0 0.8664330218068536 0.6644562334217506 0.030373831775700934 0.0716180371352785
0 0.3341121495327103 0.6273209549071618 0.03115264797507788 0.04509283819628647
0 0.36993769470404986 0.6246684350132625 0.029595015576323987 0.03978779840848806
0 0.4302959501557632 0.6193633952254641 0.027258566978193146 0.03978779840848806
0 0.463785046728972 0.6220159151193634 0.027258566978193146 0.03978779840848806
0 0.5011682242990654 0.6286472148541113 0.02570093457943925 0.04774535809018567
0 0.5416666666666666 0.6392572944297082 0.031931464174454825 0.04774535809018567
0 0.5763239875389408 0.6458885941644562 0.024922118380062305 0.04509283819628647
0 0.6187694704049844 0.6511936339522546 0.027258566978193146 0.04509283819628647
0 0.645638629283489 0.6551724137931034 0.018691588785046728 0.042440318302387266
0 0.6748442367601246 0.6657824933687002 0.031931464174454825 0.04774535809018567
0 0.7153426791277259 0.6737400530503979 0.02881619937694704 0.04774535809018567
0 0.7858255451713395 0.6883289124668435 0.02336448598130841 0.04509283819628647
