0 0.13590342679127726 0.7055702917771883 0.016355140186915886 0.10079575596816975
0 0.20755451713395637 0.1246684350132626 0.019470404984423675 0.10610079575596816
0 0.3590342679127726 0.5119363395225464 0.03271028037383177 0.04774535809018567
0 0.12227414330218069 0.883289124668435 0.014018691588785047 0.09018567639257294
0 0.09423676012461059 0.0663129973474801 0.014018691588785047 0.09018567639257294
0 0.01985981308411215 0.506631299734748 0.03348909657320872 0.042440318302387266
0 0.3882398753894081 0.2891246684350132 0.031931464174454825 0.04774535809018567
0 0.42095015576323985 0.23607427055702918 0.031931464174454825 0.042440318302387266
0 0.3839563862928349 0.23076923076923075 0.0264797507788162 0.042440318302387266
0 0.34579439252336447 0.22413793103448273 0.029595015576323987 0.04509283819628647
0 0.7324766355140186 0.3129973474801061 0.03348909657320872 0.05305039787798408
0 0.6927570093457944 0.29310344827586204 0.027258566978193146 0.04509283819628647
0 0.5790498442367601 0.33421750663129973 0.02881619937694704 0.04774535809018567
0 0.46028037383177567 0.35676392572944293 0.029595015576323987 0.03978779840848806
0 0.6534267912772586 0.2838196286472148 0.028037383177570093 0.042440318302387266
0 0.6226635514018691 0.27984084880636606 0.024143302180685357 0.03978779840848806
0 0.5903426791277259 0.27851458885941643 0.029595015576323987 0.042440318302387266
0 0.5447819314641744 0.2652519893899204 0.030373831775700934 0.042440318302387266
0 0.8929127725856698 0.2042440318302387 0.0132398753894081 0.09018567639257294
0 0.8960280373831776 0.10742705570291777 0.0132398753894081 0.08222811671087532
0 0.8372274143302181 0.15251989389920423 0.014018691588785047 0.09814323607427056
0 0.8399532710280374 0.03713527851458886 0.010124610591900311 0.06896551724137931
0 0.8512461059190031 0.643236074270557 0.03115264797507788 0.055702917771883284
0 0.33450155763239875 0.6326259946949602 0.03348909657320872 0.04509283819628647
0 0.3703271028037383 0.6286472148541113 0.030373831775700934 0.042440318302387266
0 0.43146417445482865 0.623342175066313 0.028037383177570093 0.042440318302387266
0 0.463785046728972 0.6286472148541113 0.02881619937694704 0.03713527851458886
0 0.5019470404984423 0.6312997347480106 0.02570093457943925 0.04774535809018567
0 0.5428348909657321 0.6419098143236074 0.03271028037383177 0.04774535809018567
0 0.5767133956386292 0.6525198938992042 0.02570093457943925 0.04774535809018567
0 0.6187694704049844 0.6578249336870026 0.027258566978193146 0.042440318302387266
0 0.647196261682243 0.6604774535809018 0.018691588785046728 0.042440318302387266
0 0.6752336448598131 0.6671087533156498 0.03271028037383177 0.03978779840848806
0 0.7172897196261682 0.6777188328912467 0.03115264797507788 0.04509283819628647
0 0.786993769470405 0.6936339522546419 0.024143302180685357 0.04509283819628647
