0 0.6281152647975078 0.5344827586206896 0.031931464174454825 0.05039787798408488
0 0.11876947040498442 0.8793103448275862 0.011682242990654205 0.08753315649867374
0 0.07281931464174454 0.20822281167108753 0.024143302180685357 0.08753315649867374
0 0.019470404984423675 0.506631299734748 0.029595015576323987 0.03713527851458886
0 0.20794392523364486 0.3209549071618037 0.01557632398753894 0.08488063660477453
0 0.24610591900311526 0.8275862068965517 0.014018691588785047 0.10079575596816975
0 0.22702492211838005 0.8395225464190981 0.016355140186915886 0.09814323607427056
0 0.33605919003115264 0.27586206896551724 0.030373831775700934 0.042440318302387266
0 0.4127725856697819 0.23474801061007958 0.029595015576323987 0.04509283819628647
0 0.37616822429906543 0.22679045092838196 0.024922118380062305 0.03978779840848806
0 0.3395638629283489 0.22148541114058354 0.029595015576323987 0.04509283819628647
0 0.7242990654205608 0.30769230769230765 0.03271028037383177 0.05305039787798408
0 0.6849688473520249 0.28779840848806365 0.02570093457943925 0.04509283819628647
0 0.4147196261682243 0.29442970822281167 0.02881619937694704 0.04774535809018567
0 0.36487538940809966 0.33421750663129973 0.02881619937694704 0.042440318302387266
0 0.645638629283489 0.27851458885941643 0.0264797507788162 0.042440318302387266
0 0.6144859813084111 0.2771883289124668 0.024922118380062305 0.04509283819628647
0 0.5829439252336448 0.27320954907161804 0.030373831775700934 0.042440318302387266
0 0.536993769470405 0.2625994694960212 0.030373831775700934 0.042440318302387266
0 0.8835669781931464 0.1989389920424403 0.0132398753894081 0.09018567639257294
0 0.8859034267912772 0.10079575596816975 0.011682242990654205 0.07957559681697612
0 0.8282710280373832 0.15251989389920423 0.0132398753894081 0.08753315649867374
0 0.6943146417445483 0.4151193633952254 0.031931464174454825 0.05039787798408488
0 0.80101246105919 0.4668435013262599 0.02570093457943925 0.04774535809018567
0 0.9065420560747663 0.519893899204244 0.03426791277258567 0.0636604774535809
0 0.8660436137071651 0.676392572944297 0.028037383177570093 0.07427055702917772
0 0.3290498442367601 0.629973474801061 0.030373831775700934 0.04509283819628647
0 0.3652647975077882 0.6259946949602122 0.028037383177570093 0.042440318302387266
0 0.4252336448598131 0.6206896551724138 0.0264797507788162 0.042440318302387266
0 0.4591121495327103 0.623342175066313 0.02570093457943925 0.04774535809018567
0 0.49649532710280375 0.629973474801061 0.024143302180685357 0.04509283819628647
0 0.536214953271028 0.6392572944297082 0.030373831775700934 0.042440318302387266
0 0.5704828660436136 0.6445623342175066 0.024143302180685357 0.04774535809018567
0 0.6137071651090342 0.6525198938992042 0.024922118380062305 0.042440318302387266
0 0.6413551401869159 0.6551724137931034 0.016355140186915886 0.03713527851458886
0 0.6697819314641744 0.6631299734748011 0.03115264797507788 0.042440318302387266
0 0.7102803738317757 0.6750663129973474 0.029595015576323987 0.04509283819628647
0 0.7815420560747663 0.689655172413793 0.024143302180685357 0.042440318302387266
