0 0.7239096573208722 0.5503978779840849 0.031931464174454825 0.05039787798408488
0 0.12032710280373832 0.883289124668435 0.011682242990654205 0.09018567639257294
0 0.040498442367601244 0.2519893899204244 0.0264797507788162 0.05305039787798408
0 0.09579439252336448 0.10212201591511935 0.01557632398753894 0.09814323607427056
0 0.021417445482866043 0.506631299734748 0.02881619937694704 0.03713527851458886
0 0.24883177570093457 0.7029177718832891 0.014797507788161994 0.10079575596816975
0 0.21612149532710279 0.5159151193633952 0.016355140186915886 0.09814323607427056
0 0.3364485981308411 0.2771883289124668 0.03115264797507788 0.04509283819628647
0 0.41394080996884736 0.23740053050397877 0.030373831775700934 0.04509283819628647
0 0.37694704049844235 0.22679045092838196 0.024922118380062305 0.04509283819628647
0 0.3395638629283489 0.22148541114058354 0.029595015576323987 0.04509283819628647
0 0.7239096573208722 0.3103448275862069 0.031931464174454825 0.04774535809018567
0 0.6845794392523364 0.29045092838196285 0.0264797507788162 0.04509283819628647
0 0.3870716510903427 0.2891246684350132 0.028037383177570093 0.042440318302387266
0 0.35358255451713394 0.3355437665782493 0.028037383177570093 0.04509283819628647
0 0.645638629283489 0.28116710875331563 0.024922118380062305 0.042440318302387266
0 0.6140965732087227 0.27851458885941643 0.02570093457943925 0.042440318302387266
0 0.5833333333333334 0.2745358090185676 0.029595015576323987 0.03978779840848806
0 0.5377725856697819 0.2639257294429708 0.030373831775700934 0.03978779840848806
0 0.8831775700934579 0.2002652519893899 0.012461059190031152 0.08753315649867374
0 0.8847352024922118 0.10344827586206896 0.012461059190031152 0.07957559681697612
0 0.6129283489096573 0.3872679045092838 0.03115264797507788 0.04774535809018567
0 0.720404984423676 0.43103448275862066 0.0264797507788162 0.04509283819628647
0 0.8212616822429907 0.4787798408488063 0.035046728971962614 0.055702917771883284
0 0.9466510903426791 0.5517241379310345 0.03348909657320872 0.05835543766578249
0 0.8664330218068536 0.676392572944297 0.027258566978193146 0.07427055702917772
0 0.32982866043613707 0.6312997347480106 0.030373831775700934 0.042440318302387266
0 0.36643302180685355 0.6286472148541113 0.027258566978193146 0.042440318302387266
0 0.42562305295950154 0.623342175066313 0.02570093457943925 0.042440318302387266
0 0.4583333333333333 0.6259946949602122 0.027258566978193146 0.04774535809018567
0 0.49649532710280375 0.6326259946949602 0.024143302180685357 0.04509283819628647
0 0.536993769470405 0.6405835543766578 0.030373831775700934 0.04509283819628647
0 0.5716510903426791 0.649867374005305 0.02336448598130841 0.04774535809018567
0 0.6144859813084111 0.6538461538461539 0.024922118380062305 0.03978779840848806
0 0.6409657320872274 0.656498673740053 0.018691588785046728 0.03978779840848806
0 0.6705607476635513 0.6657824933687002 0.029595015576323987 0.042440318302387266
0 0.7110591900311526 0.6750663129973474 0.029595015576323987 0.04509283819628647
0 0.7815420560747663 0.6923076923076923 0.022585669781931463 0.042440318302387266
