0 0.1425233644859813 0.883289124668435 0.01557632398753894 0.10079575596816975
0 0.403816199376947 0.5092838196286472 0.03348909657320872 0.04774535809018567
0 0.12227414330218069 0.8779840848806365 0.014018691588785047 0.09018567639257294
0 0.09501557632398754 0.08355437665782493 0.014018691588785047 0.09283819628647215
0 0.02102803738317757 0.5026525198938991 0.03115264797507788 0.04509283819628647
0 0.22585669781931464 0.6644562334217506 0.01557632398753894 0.09283819628647215
0 0.37110591900311524 0.28116710875331563 0.030373831775700934 0.042440318302387266
0 0.41861370716510904 0.23342175066312995 0.02881619937694704 0.04774535809018567
0 0.38278816199376947 0.22546419098143236 0.027258566978193146 0.042440318302387266
0 0.34579439252336447 0.22015915119363394 0.029595015576323987 0.04774535809018567
0 0.7316978193146417 0.3063660477453581 0.03348909657320872 0.05039787798408488
0 0.6923676012461059 0.286472148541114 0.0264797507788162 0.042440318302387266
0 0.5412772585669782 0.3156498673740053 0.029595015576323987 0.04774535809018567
0 0.43302180685358255 0.3474801061007957 0.029595015576323987 0.04774535809018567
0 0.6522585669781932 0.27851458885941643 0.027258566978193146 0.042440318302387266
0 0.6207165109034267 0.27586206896551724 0.024922118380062305 0.042440318302387266
0 0.5891744548286604 0.27320954907161804 0.02881619937694704 0.042440318302387266
0 0.543613707165109 0.259946949602122 0.029595015576323987 0.042440318302387266
0 0.8917445482866043 0.2002652519893899 0.012461059190031152 0.09283819628647215
0 0.8948598130841121 0.09946949602122016 0.014018691588785047 0.08222811671087532
0 0.8360591900311526 0.14854111405835543 0.0132398753894081 0.10079575596816975
0 0.8391744548286604 0.03315649867374005 0.010124610591900311 0.0716180371352785
0 0.9622274143302181 0.5437665782493368 0.031931464174454825 0.05835543766578249
0 0.8640965732087227 0.6578249336870026 0.030373831775700934 0.06896551724137931
0 0.33450155763239875 0.6273209549071618 0.031931464174454825 0.04509283819628647
0 0.3703271028037383 0.6246684350132625 0.030373831775700934 0.03978779840848806
0 0.4306853582554517 0.616710875331565 0.0264797507788162 0.03978779840848806
0 0.4645638629283489 0.6220159151193634 0.027258566978193146 0.03978779840848806
0 0.5019470404984423 0.6273209549071618 0.02570093457943925 0.05039787798408488
0 0.5424454828660435 0.6379310344827586 0.031931464174454825 0.04509283819628647
0 0.5767133956386292 0.6458885941644562 0.02570093457943925 0.04509283819628647
0 0.6191588785046729 0.6511936339522546 0.0264797507788162 0.04509283819628647
0 0.6464174454828661 0.6551724137931034 0.018691588785046728 0.042440318302387266
0 0.6752336448598131 0.6644562334217506 0.03271028037383177 0.04509283819628647
0 0.7161214953271028 0.6737400530503979 0.030373831775700934 0.04774535809018567
0 0.786993769470405 0.6883289124668435 0.024143302180685357 0.04509283819628647
