0 0.5981308411214953 0.5291777188328912 0.03115264797507788 0.04509283819628647
0 0.11993769470404984 0.8779840848806365 0.012461059190031152 0.09018567639257294
0 0.08177570093457943 0.18302387267904507 0.02336448598130841 0.09549071618037135
0 0.020638629283489095 0.5026525198938991 0.02881619937694704 0.03978779840848806
0 0.2145638629283489 0.41909814323607425 0.016355140186915886 0.08488063660477453
0 0.24922118380062305 0.8806366047745358 0.014018691588785047 0.09549071618037135
0 0.23208722741433022 0.9403183023872679 0.01557632398753894 0.09283819628647215
0 0.33839563862928346 0.2745358090185676 0.030373831775700934 0.04509283819628647
0 0.4143302180685358 0.23076923076923075 0.03115264797507788 0.04774535809018567
0 0.37772585669781933 0.22546419098143236 0.024922118380062305 0.042440318302387266
0 0.3407320872274143 0.21618037135278514 0.02881619937694704 0.03978779840848806
0 0.7258566978193146 0.3063660477453581 0.03115264797507788 0.05039787798408488
0 0.6865264797507789 0.2838196286472148 0.027258566978193146 0.04774535809018567
0 0.4302959501557632 0.29442970822281167 0.02881619937694704 0.042440318302387266
0 0.37110591900311524 0.3328912466843501 0.02881619937694704 0.03978779840848806
0 0.6475856697819314 0.27586206896551724 0.02570093457943925 0.042440318302387266
0 0.6160436137071651 0.2718832891246684 0.024922118380062305 0.04509283819628647
0 0.5848909657320872 0.2692307692307692 0.029595015576323987 0.03978779840848806
0 0.5389408099688473 0.2586206896551724 0.029595015576323987 0.04509283819628647
0 0.8855140186915887 0.19496021220159152 0.010903426791277258 0.08753315649867374
0 0.8882398753894081 0.10079575596816975 0.0132398753894081 0.07957559681697612
0 0.829828660436137 0.14986737400530503 0.011682242990654205 0.09283819628647215
0 0.7250778816199377 0.42572944297082227 0.03271028037383177 0.055702917771883284
0 0.8325545171339563 0.4787798408488063 0.0264797507788162 0.05039787798408488
0 0.9392523364485981 0.53315649867374 0.03582554517133956 0.05835543766578249
0 0.8679906542056075 0.6724137931034483 0.02881619937694704 0.07692307692307691
0 0.330607476635514 0.6246684350132625 0.030373831775700934 0.04509283819628647
0 0.36682242990654207 0.623342175066313 0.028037383177570093 0.042440318302387266
0 0.42679127725856697 0.616710875331565 0.024922118380062305 0.04509283819628647
0 0.4606697819314642 0.6220159151193634 0.02570093457943925 0.03978779840848806
0 0.49805295950155765 0.6259946949602122 0.02570093457943925 0.042440318302387266
0 0.5377725856697819 0.6352785145888594 0.031931464174454825 0.04509283819628647
0 0.5728193146417445 0.6445623342175066 0.024143302180685357 0.042440318302387266
0 0.6152647975077882 0.649867374005305 0.0264797507788162 0.042440318302387266
0 0.6425233644859812 0.6525198938992042 0.018691588785046728 0.03713527851458886
0 0.6713395638629284 0.6618037135278514 0.03115264797507788 0.03978779840848806
0 0.7118380062305296 0.6737400530503979 0.03115264797507788 0.04774535809018567
0 0.7830996884735202 0.6856763925729442 0.024143302180685357 0.04509283819628647
