       0/9      7.4G   0.06931   0.05406   0.02525    0.1486       135       640    0.4525    0.2301    0.1314   0.05232     0.118    0.1653   0.02993
       1/9     7.56G   0.05314    0.0671    0.0183    0.1385       232       640    0.5414    0.2516    0.1928   0.08373     0.115    0.1758   0.02839
       2/9     8.12G   0.05059   0.06869   0.01501    0.1343       309       640    0.5507    0.2612    0.2361     0.106     0.113    0.1815   0.03044
       3/9     8.94G   0.04674   0.06741   0.01234    0.1265       160       640    0.5901      0.31     0.301    0.1539     0.109    0.1872   0.03203
       4/9     8.94G   0.04468   0.06676    0.0108    0.1222       188       640    0.4602    0.3488    0.3226    0.1649     0.108    0.1949   0.03235
       5/9     8.94G   0.04302   0.06613  0.009817     0.119       275       640    0.4427    0.3926     0.356     0.187    0.1062    0.1971   0.03304
       6/9     8.94G   0.04201   0.06489  0.009024    0.1159       297       640    0.4712    0.3996     0.372    0.1972    0.1051    0.2045   0.03395
       7/9     8.94G   0.04138   0.06658  0.008589    0.1165       250       640    0.4864    0.4104    0.3889      0.21    0.1047    0.2054   0.03441
       8/9     8.94G   0.04073   0.06472  0.008234    0.1137        78       640    0.4743    0.4385    0.4011    0.2206    0.1045    0.2068   0.03485
       9/9     8.94G   0.04052   0.06453  0.008024    0.1131       189       640    0.5187    0.4256    0.4125    0.2288    0.1041    0.2089   0.03463

       0/9      7.4G   0.04017   0.06391  0.007797    0.1119       135       640    0.5179    0.4234    0.4086     0.225    0.1038    0.2099     0.035
       1/9     7.56G   0.04031   0.06462  0.007805    0.1127       232       640    0.5072    0.4275      0.41    0.2229    0.1034    0.2118   0.03477
       2/9     8.12G   0.04229   0.06576  0.008035    0.1161       309       640    0.4941    0.3997    0.3796    0.2042    0.1038    0.2146   0.03497
       3/9     8.94G   0.04223   0.06537  0.008057    0.1157       160       640     0.496    0.4099    0.3828    0.1991    0.1026    0.2187    0.0354
       4/9     8.94G   0.04185   0.06552  0.007713    0.1151       188       640    0.4765    0.4252    0.3885    0.2063     0.103      0.22   0.03648
       5/9     8.94G   0.04123   0.06537  0.007477    0.1141       275       640    0.4885    0.4322    0.3998    0.2166    0.1015    0.2332   0.03572
       6/9     8.94G    0.0405   0.06448  0.007072     0.112       297       640    0.5167     0.433    0.4131    0.2244    0.1003    0.2379   0.03662
       7/9     8.94G   0.04009    0.0663   0.00686    0.1132       250       640    0.5127     0.446    0.4212    0.2303    0.1002    0.2395   0.03703
       8/9     8.94G   0.03969   0.06475  0.006741    0.1112        78       640    0.5425    0.4395    0.4297    0.2394    0.1001    0.2418   0.03761
       9/9     8.94G   0.03962   0.06468  0.006659     0.111       189       640    0.5435    0.4481    0.4414    0.2477   0.09939    0.2429   0.03751

       0/9     7.36G   0.03935   0.06445  0.006559    0.1104       336       640    0.5134    0.4766    0.4447    0.2473   0.09949    0.2463   0.03789
       1/9      7.7G   0.03947   0.06475  0.006531    0.1107       495       640    0.5359     0.445    0.4365    0.2399       0.1    0.2438   0.03791
       2/9     8.08G   0.04085   0.06553  0.006845    0.1132       332       640    0.5292     0.419    0.4122    0.2251     0.101    0.2308   0.03707
       3/9     10.2G    0.0415   0.06524  0.007136    0.1139       703       640    0.5285    0.4097    0.4021    0.2113    0.1022    0.2291   0.03803
       4/9     10.2G   0.04127   0.06558  0.006948    0.1138        78       640    0.4931    0.4437    0.4075    0.2188    0.1023    0.2364   0.03772
       5/9     10.2G   0.04086   0.06533  0.006857     0.113       592       640     0.524    0.4364     0.422    0.2289     0.101      0.24   0.03791
       6/9     10.2G   0.04029   0.06446  0.006593    0.1113       540       640    0.5192    0.4395    0.4241    0.2312    0.1003    0.2431   0.03864
       7/9     10.2G   0.03978   0.06618  0.006375    0.1123       255       640    0.5335    0.4498    0.4361     0.241   0.09965    0.2447   0.03857
       8/9     10.2G   0.03946   0.06426  0.006242      0.11       248       640      0.55    0.4571    0.4495    0.2481   0.09953    0.2453   0.03904
       9/9     10.2G   0.03939    0.0642  0.006165    0.1098       220       640    0.5652    0.4491    0.4522    0.2547   0.09921      0.25   0.03915

       0/9      7.4G   0.03904   0.06353  0.005984    0.1086       135       640    0.5477    0.4579    0.4506    0.2505   0.09897     0.252   0.03981
       1/9     7.56G    0.0389   0.06379  0.005931    0.1086       232       640     0.553    0.4518    0.4457    0.2458   0.09931    0.2522   0.03919
       2/9     8.12G   0.03988   0.06431  0.006049    0.1102       309       640    0.5256    0.4326    0.4196    0.2253    0.1001    0.2409   0.03869
       3/9     8.94G   0.04054    0.0641  0.006335     0.111       160       640    0.5175    0.4433    0.4196    0.2247    0.1011    0.2355    0.0394
       4/9     8.94G    0.0404   0.06412   0.00628    0.1108       188       640    0.5164     0.444    0.4219     0.228    0.1007    0.2426    0.0388
       5/9     8.94G   0.04012     0.064  0.006207    0.1103       275       640    0.5567     0.437     0.438    0.2395    0.1004    0.2441   0.03942
       6/9     8.94G   0.03956   0.06295  0.005986    0.1085       297       640    0.5227     0.448    0.4308    0.2362   0.09987    0.2482   0.04007
       7/9     8.94G    0.0393   0.06474  0.005848    0.1099       250       640    0.5183    0.4681    0.4456    0.2464   0.09944    0.2522   0.03985
       8/9     8.94G   0.03895   0.06315  0.005765    0.1079        78       640    0.5466    0.4672    0.4571    0.2548   0.09958    0.2531   0.04023
       9/9     8.94G   0.03894   0.06326  0.005779     0.108       189       640    0.5508    0.4699    0.4636    0.2611   0.09887    0.2524   0.03979

       0/9     1.12G    0.0387   0.06275  0.005644    0.1071       135       640    0.5635    0.4653    0.4661    0.2609   0.09876    0.2588   0.04058
       1/9     8.78G   0.03848   0.06261  0.005477    0.1066       232       640    0.5556    0.4558    0.4493    0.2485    0.0993    0.2606   0.04046
       2/9     10.1G   0.03941   0.06281  0.005523    0.1077       309       640    0.5375    0.4324    0.4217    0.2304     0.101     0.248   0.03882
       3/9     12.3G   0.04003   0.06273  0.005836    0.1086       160       640    0.5471    0.4353    0.4323    0.2326    0.1014    0.2456   0.04036
       4/9     12.3G    0.0399    0.0628   0.00579    0.1085       188       640    0.5259    0.4371    0.4218    0.2292    0.1009    0.2471   0.04021
       5/9     12.3G   0.03966   0.06278  0.005821    0.1083       275       640    0.5581    0.4478    0.4414    0.2416    0.1003    0.2552   0.04032
       6/9     12.3G   0.03915   0.06191  0.005629    0.1067       297       640    0.5605     0.435    0.4421    0.2439   0.09984    0.2563   0.04004
       7/9     12.3G   0.03891   0.06367  0.005519    0.1081       250       640    0.5341    0.4639    0.4499    0.2502   0.09974    0.2583   0.04043
       8/9     12.3G   0.03864   0.06226  0.005441    0.1063        78       640    0.5699     0.454    0.4594    0.2557    0.0996    0.2577   0.04111
       9/9     12.3G   0.03866   0.06246  0.005492    0.1066       189       640    0.5658     0.474    0.4671    0.2626   0.09856    0.2592   0.04056

      0/14     7.39G   0.03771   0.05978  0.004933    0.1024       135       640    0.5795    0.4592    0.4617    0.2589   0.09899     0.272   0.04124
      1/14     7.56G   0.03765   0.05987  0.004849    0.1024       232       640    0.5749    0.4518    0.4507    0.2477   0.09978    0.2656   0.04116
      2/14     8.12G   0.03899   0.06169  0.005235    0.1059       309       640    0.5156    0.4434    0.4193    0.2278    0.1001    0.2522   0.03985
      3/14     8.94G   0.04002   0.06222  0.005657    0.1079       160       640    0.5574    0.4254    0.4226    0.2262    0.1015    0.2473   0.04097
      4/14     8.94G   0.03997   0.06243  0.005674    0.1081       188       640    0.5234    0.4429    0.4237    0.2282    0.1013    0.2494    0.0403
      5/14     8.94G   0.03979   0.06251  0.005703     0.108       275       640    0.5339    0.4457    0.4337    0.2369    0.1004    0.2558   0.04037
      6/14     8.94G   0.03949   0.06179  0.005601    0.1069       297       640    0.5199    0.4522    0.4338    0.2363   0.09999    0.2588    0.0402
      7/14     8.94G   0.03944   0.06396  0.005609     0.109       250       640    0.5386    0.4438    0.4354    0.2389   0.09987    0.2532   0.04033
      8/14     8.94G   0.03935   0.06338  0.005763    0.1085        78       640    0.5367    0.4622    0.4443    0.2464       0.1    0.2506    0.0411
      9/14     7.51G   0.03938   0.06264  0.005632    0.1077       135       640    0.5219    0.4698    0.4459    0.2476   0.09964    0.2597   0.04144
     10/14      7.5G    0.0386   0.06191  0.005254    0.1058       232       640    0.5443    0.4658    0.4504    0.2507   0.09917    0.2655   0.04065
     11/14     8.06G   0.03806   0.06085  0.004909    0.1038       309       640    0.5421    0.4718    0.4582     0.257   0.09921    0.2746   0.04104
     12/14     9.15G   0.03776   0.05952  0.004732     0.102       160       640    0.5788    0.4621    0.4642    0.2604   0.09929    0.2698   0.04124
     13/14     9.15G   0.03749   0.05914  0.004581    0.1012       188       640    0.5793    0.4639    0.4661    0.2609   0.09907    0.2727   0.04166
     14/14     9.15G   0.03736   0.05886  0.004613    0.1008       275       640    0.5738    0.4696    0.4655     0.261   0.09916    0.2771   0.04177

      0/14     1.13G   0.03741   0.05884  0.004665    0.1009       135       640    0.5931    0.4582    0.4672    0.2615   0.09899     0.279   0.04186
      1/14     8.53G   0.03716   0.05832  0.004463   0.09994       232       640     0.563    0.4551      0.45    0.2491   0.09954     0.282   0.04148
      2/14     9.68G   0.03823   0.05926  0.004626    0.1021       309       640    0.5238    0.4445    0.4244    0.2296    0.1001    0.2667   0.04059
      3/14     11.8G    0.0395   0.06084  0.005224    0.1056       160       640    0.5447    0.4359    0.4247    0.2287     0.101     0.258   0.04104
      4/14     11.8G   0.03939   0.06132  0.005267     0.106       188       640    0.5301    0.4482    0.4307    0.2347    0.1011    0.2563   0.04181
      5/14     11.8G   0.03941   0.06146  0.005378    0.1062       275       640    0.5406    0.4397    0.4321    0.2352    0.1005     0.257   0.04056
      6/14     11.8G    0.0392   0.06107  0.005343    0.1056       297       640    0.5501    0.4432    0.4383    0.2391    0.1001    0.2581   0.04155
      7/14     11.8G   0.03905   0.06307  0.005335    0.1075       250       640     0.545    0.4497    0.4399    0.2404   0.09975    0.2643   0.04103
      8/14     11.8G   0.03904   0.06214  0.005417    0.1066        78       640    0.5352    0.4723    0.4509    0.2495   0.09967    0.2615   0.04134
      9/14     11.8G   0.03932   0.06295  0.005597    0.1079       189       640    0.5498    0.4577    0.4499    0.2507   0.09909    0.2572   0.04103
     10/14     9.75G   0.03903   0.06352  0.005486     0.108       134       640    0.5258    0.4881    0.4618    0.2569   0.09963    0.2572   0.04139
     11/14      1.4G   0.03841    0.0609    0.0051    0.1044       135       640    0.5757    0.4591    0.4622    0.2588   0.09912    0.2688   0.04152
     12/14     8.25G   0.03769   0.06001  0.004742    0.1024       232       640    0.5669    0.4702    0.4663    0.2618   0.09894    0.2745   0.04116
     13/14     1.43G   0.03788   0.06032  0.004889    0.1031       336       640    0.5805    0.4641    0.4697    0.2655   0.09891     0.273   0.04216
     14/14     10.3G   0.03759   0.06029  0.004779    0.1027       495       640    0.5828    0.4694    0.4695    0.2641   0.09878    0.2764   0.04186

      0/14     1.15G    0.0368    0.0572  0.004294    0.0983       135       640    0.5802    0.4626    0.4631    0.2597   0.09871    0.2919   0.04196
      1/14     8.52G   0.03673   0.05687  0.004146   0.09775       232       640    0.5615    0.4683     0.457    0.2522   0.09959    0.2857   0.04153
      2/14     9.66G   0.03843   0.05994  0.004683     0.103       309       640    0.5451    0.4302    0.4242     0.232    0.1005    0.2644    0.0405
      3/14     11.8G    0.0393   0.06071  0.005127    0.1051       160       640    0.5416    0.4394    0.4348    0.2358    0.1008    0.2582    0.0408
      4/14     11.8G   0.03915   0.06081  0.005099    0.1051       188       640    0.5338    0.4535    0.4346     0.236    0.1008    0.2647   0.04149
      5/14     11.8G   0.03918   0.06085  0.005138    0.1052       275       640    0.5326    0.4466    0.4303    0.2351    0.1001    0.2681    0.0412
      6/14     11.8G   0.03892   0.06026  0.005087    0.1043       297       640    0.5654    0.4448    0.4465    0.2446       0.1     0.261   0.04157
      7/14     11.8G   0.03884   0.06224  0.005078    0.1062       250       640    0.5406    0.4629    0.4431     0.243       0.1    0.2705   0.04124
      8/14     11.8G   0.03868   0.06112  0.005123    0.1049        78       640    0.5563    0.4578      0.45    0.2491    0.0998    0.2669   0.04136
      9/14     11.8G   0.03887   0.06171  0.005262    0.1058       189       640    0.5629     0.458    0.4518    0.2525   0.09931     0.262   0.04129
     10/14     9.73G   0.03895   0.06266  0.005266    0.1069       134       640     0.536    0.4781    0.4591    0.2568   0.09983    0.2593   0.04157
     11/14     9.73G   0.03871   0.06179  0.005236    0.1057       314       640    0.5645    0.4662    0.4632    0.2605   0.09919    0.2661   0.04213
     12/14     9.74G   0.03853   0.06263  0.005144    0.1063       123       640    0.5603    0.4705    0.4632     0.261   0.09899    0.2668   0.04185
     13/14     9.74G   0.03828   0.06261  0.005122     0.106        77       640    0.5679    0.4718    0.4735    0.2668   0.09831    0.2699   0.04182
     14/14     9.74G   0.03813   0.06173   0.00501    0.1049       197       640    0.5906    0.4702    0.4766    0.2711   0.09848    0.2698   0.04234

